V_R
【竖屏,右手持握,右手拇指操作】
请根据自己的习惯，右手持握手机
0 7.0764 4 0 2 17 80.25 69.875 90.6875 0 3 14 31.5625 24.5 38.625 1 1 23 26.5 13.0625 39.9375 1 2 11 98.75 92.375 105.125
1 18.4553 4 0 2 17 80.25 70.0625 90.4375 0 3 14 31.5625 24.5 38.625 1 1 23 26.5 13.0625 39.9375 1 2 11 98.75 92.375 105.125
2 30.8128 4 0 2 16 80.25 70.125 90.375 0 3 14 31.5625 24.5 38.625 1 1 23 26.5 12.625 40.375 1 2 11 98.75 92.375 105.125
3 41.6954 4 0 2 16 80.25 70.1875 90.3125 0 3 13 31.3125 24.3125 38.375 1 1 23 26.5 12.875 40.125 1 2 11 98.75 92.375 105.125
4 52.9859 4 0 2 16 80.25 70.1875 90.3125 0 3 13 31.1875 24.1875 38.25 1 1 23 26.5 12.5625 40.4375 1 2 11 98.75 92.375 105.125
5 65.615 4 0 2 16 80.25 70.1875 90.3125 0 3 13 31.1875 24.1875 38.25 1 1 23 26.5 12.4375 40.5625 1 2 11 98.75 92.375 105.125
6 76.5399 4 0 2 16 80.25 70.1875 90.3125 0 3 14 31.375 24.375 38.4375 1 1 23 26.625 13.0625 40.125 1 2 11 98.75 92.375 105.125
7 88.0877 4 0 2 16 80.25 70.1875 90.3125 0 3 14 31.5625 24.5 38.625 1 1 23 26.75 13.3125 40.25 1 2 11 98.75 92.375 105.125
8 99.5996 4 0 2 16 80.25 70.1875 90.3125 0 3 14 31.5625 24.5 38.625 1 1 23 26.625 13.1875 40.0625 1 2 11 98.75 92.375 105.125
9 111.4514 4 0 2 16 80.25 70.1875 90.3125 0 3 14 31.375 24.3125 38.4375 1 1 23 26.5625 13.0625 40 1 2 11 98.75 92.375 105.125
10 122.3345 4 0 2 16 80.25 70.1875 90.3125 0 3 14 31.25 24.1875 38.3125 1 1 23 26.5 13.0625 39.9375 1 2 11 98.75 92.375 105.125
11 133.801 4 0 2 16 80.25 70.1875 90.3125 0 3 14 31.375 24.375 38.4375 1 1 23 26.5 13.0625 39.9375 1 2 11 98.75 92.375 105.125
12 146.2457 4 0 2 16 80.25 70.1875 90.3125 0 3 14 31.3125 24.25 38.375 1 1 23 26.5 13.0625 39.9375 1 2 11 98.75 92.375 105.125
13 157.1161 4 0 2 16 80.25 70.1875 90.3125 0 3 14 31.1875 24.1875 38.25 1 1 23 26.5 13.0625 39.9375 1 2 11 98.75 92.375 105.125
14 169.2877 4 0 2 16 80.25 70.1875 90.3125 0 3 14 31.1875 24.1875 38.25 1 1 23 26.5 13.0625 39.9375 1 2 11 98.75 92.375 105.125
15 182.5014 4 0 2 16 80.25 70.1875 90.3125 0 3 14 31.1875 24.1875 38.25 1 1 23 26.5 13.0625 39.9375 1 2 11 98.75 92.375 105.125
16 194.6863 4 0 2 16 80.25 70.1875 90.3125 0 3 14 31.1875 24.1875 38.25 1 1 23 26.75 13.3125 40.1875 1 2 11 98.75 92.375 105.125
17 206.2578 4 0 2 16 80.25 70.1875 90.3125 0 3 14 31.1875 24.1875 38.25 1 1 23 26.875 13.4375 40.3125 1 2 11 98.75 92.375 105.125
18 217.2684 4 0 2 16 80.25 70 90.5625 0 3 14 31.1875 24.1875 38.25 1 1 23 26.6875 13.25 40.125 1 2 11 98.75 92.375 105.125
19 229.648 4 0 2 16 80.25 69.9375 90.625 0 3 14 31.1875 24.1875 38.25 1 1 23 26.75 13.3125 40.1875 1 2 11 98.75 92.375 105.125
20 241.7051 4 0 2 16 80.25 70.0625 90.4375 0 3 14 31.1875 24.1875 38.25 1 1 23 26.625 13.1875 40.0625 1 2 11 98.75 92.375 105.125
21 252.51 4 0 2 16 80.25 70.125 90.375 0 3 14 31.1875 24.1875 38.25 1 1 23 26.75 13.3125 40.1875 1 2 11 98.75 92.375 105.125
22 264.241 4 0 2 16 80.25 70 90.5625 0 3 14 31.1875 24.1875 38.25 1 1 23 26.8125 13.375 40.25 1 2 11 98.5 92.125 104.9375
23 276.7875 4 0 2 16 80.25 69.9375 90.625 0 3 14 31.4375 24.375 38.5 1 1 23 26.875 13.4375 40.3125 1 2 11 98.375 92 104.8125
24 289.1912 4 0 2 16 80.25 69.875 90.6875 0 3 14 31.25 24.25 38.3125 1 1 23 26.75 13.3125 40.1875 1 2 11 98.375 92 104.8125
25 300.6356 4 0 2 16 80.25 69.875 90.6875 0 3 14 31.1875 24.1875 38.25 1 1 23 26.625 13.1875 40.0625 1 2 11 98.375 92 104.8125
26 312.9832 4 0 2 16 80.0625 69.875 90.25 0 3 14 31.1875 24.1875 38.25 1 1 23 26.75 13.3125 40.1875 1 2 11 98.375 92 104.8125
27 325.3304 4 0 2 16 79.9375 69.875 90.0625 0 3 14 31.1875 24.1875 38.25 1 1 23 26.8125 13.375 40.25 1 2 11 98.375 92 104.8125
28 337.3287 4 0 2 16 80.125 69.8125 90.4375 0 3 14 31.4375 24.375 38.5 1 1 23 26.625 13.1875 40.0625 1 2 11 98.375 92 104.8125
29 350.2068 4 0 2 16 80.25 70 90.5625 0 3 14 31.5625 24.5 38.625 1 1 23 26.625 13.1875 40.0625 1 2 11 98.375 92 104.8125
30 361.7385 4 0 2 16 80.25 70.125 90.4375 0 3 14 31.5625 24.5 38.625 1 1 23 26.75 13.3125 40.1875 1 2 11 98.375 92 104.8125
31 373.8607 4 0 2 16 80.25 70 90.5625 0 3 14 31.5625 24.5 38.625 1 1 23 26.8125 13.375 40.25 1 2 11 98.375 92 104.8125
32 385.6201 4 0 2 16 80.25 69.9375 90.625 0 3 13 31.3125 24.3125 38.375 1 1 23 26.875 13.4375 40.3125 1 2 11 98.375 92 104.8125
33 398.1082 4 0 2 16 80.25 69.875 90.6875 0 3 14 31.4375 24.375 38.5 1 1 23 26.875 13.4375 40.3125 1 2 11 98.375 92 104.8125
34 408.6656 4 0 2 16 80.25 69.875 90.6875 0 3 13 31.3125 24.3125 38.375 1 1 23 26.875 13.4375 40.3125 1 2 11 98.375 92 104.8125
35 421.1984 4 0 2 16 80.0625 69.875 90.25 0 3 14 31.4375 24.375 38.5 1 1 23 26.875 13.4375 40.3125 1 2 11 98.375 92 104.8125
36 432.9179 4 0 2 16 80.125 69.875 90.5 0 3 14 31.3125 24.3125 38.375 1 1 23 26.875 13.4375 40.3125 1 2 11 98.375 92 104.8125
37 445.6828 4 0 2 16 80.1875 69.875 90.625 0 3 14 31.4375 24.375 38.5 1 1 23 26.875 13.4375 40.3125 1 2 11 98.375 92 104.8125
38 458.0458 4 0 2 16 80.25 70.0625 90.4375 0 3 14 31.5 24.5 38.5625 1 1 23 26.875 13.4375 40.3125 1 2 11 98.375 92 104.8125
39 469.9237 4 0 2 16 80.25 70.1875 90.3125 0 3 13 31.25 24.1875 38.3125 1 1 23 26.875 13.6875 40 1 2 11 98.375 92 104.8125
40 484.9327 4 0 2 16 80.25 70 90.5625 0 3 13 31.1875 24.1875 38.25 1 1 23 26.875 13.75 39.9375 1 2 11 98.375 92 104.8125
41 500.7921 4 0 2 16 80.25 69.9375 90.625 0 3 13 31.375 24.375 38.4375 1 1 22 26.875 13.75 39.9375 1 2 11 98.375 92 104.8125
42 513.7362 4 0 2 16 80.25 69.875 90.6875 0 3 13 31.5625 24.5 38.625 1 1 22 26.875 13.75 39.9375 1 2 11 98.375 92 104.8125
43 525.3827 4 0 2 16 80.25 69.875 90.6875 0 3 13 31.375 24.3125 38.4375 1 1 23 26.875 13.75 39.9375 1 2 11 98.375 92 104.8125
44 537.2294 4 0 2 16 80.25 69.875 90.6875 0 3 13 31.25 24.1875 38.3125 1 1 22 27.0625 13.9375 40.1875 1 2 11 98.375 92 104.8125
45 549.9413 4 0 2 16 80.25 69.875 90.6875 0 3 13 31.1875 24.1875 38.25 1 1 22 27.1875 14.0625 40.3125 1 2 11 98.375 92 104.8125
46 562.3616 4 0 2 16 80.25 69.875 90.6875 0 3 13 31.1875 24.1875 38.25 1 1 22 27.1875 14.0625 40.3125 1 2 11 98.375 92 104.8125
47 574.8308 4 0 2 16 80.25 69.875 90.6875 0 3 13 31.1875 24.1875 38.25 1 1 22 27.1875 14.0625 40.3125 1 2 11 98.375 92 104.8125
48 586.9478 4 0 2 16 80.25 69.875 90.6875 0 3 13 31.1875 24.1875 38.25 1 1 22 27.375 14.3125 40.5 1 2 11 98.375 92 104.8125
49 598.8312 4 0 2 16 80.25 69.875 90.6875 0 3 13 31.1875 24.1875 38.25 1 1 22 27.5 14.8125 40.1875 1 2 11 98.375 92 104.8125
50 610.938 4 0 2 16 80.25 69.875 90.6875 0 3 13 31.1875 24.1875 38.25 1 1 22 27.5 15.0625 40 1 2 11 98.375 92 104.8125
51 622.5056 4 0 2 15 80.25 70.0625 90.4375 0 3 13 31.1875 24.1875 38.25 1 1 22 27.5 15.0625 39.9375 1 2 11 98.375 92 104.8125
52 634.4115 4 0 2 15 80.25 69.9375 90.625 0 3 13 31.1875 24.1875 38.25 1 1 22 27.75 15.3125 40.1875 1 2 11 98.375 92 104.8125
53 645.7978 4 0 2 15 80.0625 69.875 90.25 0 3 13 31.1875 24.1875 38.25 1 1 21 27.875 15.625 40.0625 1 2 11 98.375 92 104.8125
54 658.1956 4 0 2 15 80.125 70.0625 90.25 0 3 13 31.1875 24.1875 38.25 1 1 21 27.875 15.75 40 1 2 11 98.375 92 104.8125
55 669.9767 4 0 2 15 80.1875 69.9375 90.5 0 3 13 31.1875 24.1875 38.25 1 1 21 27.875 15.75 40 1 2 11 98.375 92 104.8125
56 681.2293 4 0 2 15 80.25 70.1875 90.375 0 3 13 31.1875 24.1875 38.25 1 1 21 28.0625 16 40.1875 1 2 11 98.375 92 104.8125
57 693.1474 4 0 2 15 80.25 70.1875 90.3125 0 3 13 31.1875 24.1875 38.25 1 1 21 28.1875 16.125 40.3125 1 2 11 98.375 92 104.8125
58 704.3798 4 0 2 15 80.25 70.1875 90.3125 0 3 13 31.1875 24.1875 38.25 1 1 21 28.1875 16.125 40.3125 1 2 11 98.375 92 104.8125
59 715.4847 4 0 2 15 80.25 70.1875 90.3125 0 3 13 31.1875 24.1875 38.25 1 1 21 28.1875 16.125 40.3125 1 2 11 98.375 92 104.8125
60 726.562 4 0 2 15 80.25 70.1875 90.3125 0 3 13 31.1875 24.1875 38.25 1 1 21 28.1875 16.125 40.3125 1 2 11 98.375 92 104.8125
61 738.6159 4 0 2 15 80.25 70.1875 90.3125 0 3 13 31.1875 24.1875 38.25 1 1 21 28.1875 16.125 40.3125 1 2 11 98.375 92 104.8125
62 750.3339 4 0 2 15 80.25 70.1875 90.3125 0 3 13 31.1875 24.1875 38.25 1 1 21 28.1875 16.125 40.3125 1 2 11 98.375 92 104.8125
63 762.1537 4 0 2 15 80.25 70 90.5625 0 3 13 31.1875 24.1875 38.25 1 1 21 28.1875 16.125 40.3125 1 2 11 98.625 92.25 105
64 774.118 4 0 2 15 80.25 70.125 90.375 0 3 13 31.1875 24.1875 38.25 1 1 21 28.1875 16.125 40.3125 1 2 11 98.5 92.125 104.9375
65 786.8742 4 0 2 15 80.25 70.1875 90.375 0 3 13 31.1875 24.1875 38.25 1 1 21 28.1875 16.125 40.3125 1 2 11 98.4375 92.0625 104.875
66 799.9848 4 0 2 15 80.25 70.1875 90.3125 0 3 13 31.1875 24.1875 38.25 1 1 21 28.1875 16.125 40.3125 1 2 11 98.375 92 104.8125
67 811.9365 4 0 2 15 80.25 70.1875 90.3125 0 3 13 31.1875 24.1875 38.25 1 1 21 28.1875 16.125 40.3125 1 2 11 98.375 92 104.8125
68 825.6346 4 0 2 15 80.25 70.1875 90.3125 0 3 13 31.1875 24.1875 38.25 1 1 21 28.1875 16.125 40.3125 1 2 11 98.375 92 104.8125
69 839.8135 4 0 2 15 80.25 70.1875 90.3125 0 3 13 31.1875 24.1875 38.25 1 1 21 28.1875 16.125 40.3125 1 2 11 98.375 92 104.8125
70 851.3479 4 0 2 15 80.25 70.1875 90.3125 0 3 13 31.1875 24.1875 38.25 1 1 21 28.1875 16.125 40.3125 1 2 11 98.375 92 104.8125
71 863.2435 4 0 2 16 80.25 70.1875 90.3125 0 3 13 31.1875 24.1875 38.25 1 1 21 28.1875 16.125 40.3125 1 2 11 98.375 92 104.8125
72 875.1403 4 0 2 16 80.25 70.1875 90.3125 0 3 13 31.1875 24.1875 38.25 1 1 21 28.1875 16.125 40.3125 1 2 11 98.375 92 104.8125
73 886.2728 4 0 2 16 80.25 70.1875 90.3125 0 3 13 31.1875 24.1875 38.25 1 1 21 28.1875 16.125 40.3125 1 2 11 98.375 92 104.8125
74 899.8323 4 0 2 16 80.0625 70 90.125 0 3 12 31.1875 24.1875 38.25 1 1 21 28.1875 16.125 40.3125 1 2 11 98.375 92 104.8125
75 912.0714 4 0 2 16 79.9375 70.0625 89.8125 0 3 12 31.1875 24.1875 38.25 1 1 21 28.1875 16.125 40.3125 1 2 11 98.375 92 104.8125
76 924.0918 4 0 2 16 79.9375 70.125 89.6875 0 3 12 31.1875 24.1875 38.25 1 1 21 28.1875 16.125 40.3125 1 2 11 98.375 92 104.8125
77 935.9842 4 0 2 16 79.9375 70.1875 89.6875 0 3 12 31.4375 24.375 38.5 1 1 21 28.1875 16.125 40.3125 1 2 11 98.375 92 104.8125
78 948.4743 4 0 2 16 79.9375 70.1875 89.6875 0 3 11 31.5625 24.5 38.625 1 1 21 28.1875 16.125 40.3125 1 2 11 98.375 92 104.8125
79 959.957 4 0 2 16 79.6875 70 89.4375 0 3 11 31.5625 24.5 38.625 1 1 21 28.1875 16.125 40.3125 1 2 11 98.375 92 104.8125
80 971.6975 4 0 2 17 79.375 69.5 89.3125 0 3 11 31.75 24.6875 38.8125 1 1 22 28.1875 16.125 40.3125 1 2 11 98.375 92 104.8125
81 983.7309 4 0 2 18 78.0625 67.1875 89 0 3 11 32.125 25.0625 39.125 1 1 22 28.1875 16.125 40.3125 1 2 11 98.375 92 104.8125
82 995.6675 4 0 2 18 77.875 66.8125 88.875 0 3 11 32.25 25.1875 39.25 1 1 22 28.1875 16.125 40.3125 1 2 11 98.1875 91.375 105
83 1007.3674 4 0 2 19 77.875 66.75 88.875 0 3 10 32.5 25.4375 39.5 1 1 23 28.1875 16.125 40.3125 1 2 10 98.25 91.75 104.875
84 1019.2326 4 0 2 19 77.4375 65.9375 88.9375 0 3 10 32.5625 25.5 39.625 1 1 23 28.1875 16.125 40.3125 1 2 10 98.5625 92.125 105
85 1030.3549 4 0 2 20 77.0625 65.625 88.5 0 3 10 32.8125 25.75 39.8125 1 1 23 28.1875 15.875 40.5 1 2 10 98.75 92.3125 105.125
86 1041.6449 4 0 2 21 76.6875 64.875 88.5 0 3 10 33.125 26.0625 40.1875 1 1 24 28.1875 15.8125 40.5625 1 2 10 98.5625 92.1875 105
87 1053.7778 4 0 2 22 76 63.9375 88.0625 0 3 10 33.5625 26.25 40.9375 1 1 25 28.1875 15.1875 41.1875 1 2 12 98.1875 91.375 105
88 1065.8814 4 0 2 23 75.625 62.9375 88.375 0 3 10 33.8125 26.4375 41.1875 1 1 26 28.1875 15.125 41.25 1 2 13 98.0625 91.125 105.0625
89 1077.0238 4 0 2 24 75.5 63 88.0625 0 3 10 34.3125 26.9375 41.6875 1 1 27 28 14.6875 41.3125 1 2 13 98.0625 91 105.0625
90 1091.9228 4 0 2 26 75.5 62.625 88.4375 0 3 10 34.75 27.8125 41.75 1 1 27 27.875 14.5 41.25 1 2 14 97.875 90.8125 104.875
91 1104.0457 4 0 2 30 75.5625 62.25 88.8125 0 3 9 36.4375 29.75 43.125 1 1 27 25.125 12.8125 37.4375 1 2 16 98 90.6875 105.375
92 1116.1932 4 0 2 38 71.25 55.625 86.875 0 3 9 36.9375 30.1875 43.625 1 1 28 24.6875 12.5625 36.875 1 2 18 98.0625 90.3125 105.8125
93 1127.7801 4 0 2 41 69.125 52.5625 85.6875 0 3 9 37.25 30.5625 43.9375 1 1 28 24.25 12.125 36.375 1 2 19 97.875 90.3125 105.4375
94 1140.1451 5 0 2 43 68.25 51.375 85.1875 0 3 9 37.4375 30.75 44.1875 1 1 29 24.3125 12.1875 36.375 1 2 20 97.75 90.3125 105.1875 1 3 5 55.375 50.5 61.9375
95 1153.131 5 0 2 46 68.3125 51.3125 85.375 0 3 9 37.625 30.875 44.3125 1 1 30 24.375 12.25 36.5 1 2 22 97.5 89.6875 105.3125 1 3 5 55.4375 50.5625 61.9375
96 1165.5896 5 0 2 52 68.875 51.5625 86.1875 0 3 9 37.75 31.0625 44.5 1 1 32 24.5 12.375 36.5625 1 2 25 97.125 88.875 105.4375 1 3 6 55.125 50.125 62.0625
97 1177.6293 5 0 2 56 68.875 51.4375 86.3125 0 3 9 37.8125 31.0625 44.5 1 1 33 24.3125 12.1875 36.375 1 2 26 97.0625 88.6875 105.375 1 3 7 55.0625 50 62.0625
98 1189.367 5 0 2 60 68.8125 51.25 86.5 0 3 9 37.8125 31.125 44.5625 1 1 34 24.1875 12.0625 36.25 1 2 27 97.0625 88.6875 105.375 1 3 7 55.0625 49.8125 62.0625
99 1201.7292 5 0 2 64 68.8125 51.125 86.5625 0 3 9 37.875 31.125 44.5625 1 1 36 24.1875 11.875 36.4375 1 2 29 96.875 88 105.625 1 3 7 55.0625 49.75 62.125
100 1214.185 5 0 2 71 68.8125 50.5 87.1875 0 3 9 37.875 31.1875 44.5625 1 1 38 24.5 12.3125 36.5625 1 2 33 96.1875 86.9375 105.375 1 3 8 55.0625 49.4375 62.125
101 1225.9704 5 0 2 75 68.8125 50.4375 87.25 0 3 9 37.875 31.1875 44.5625 1 1 39 24.5 12.375 36.5625 1 2 35 95.8125 86.0625 105.5625 1 3 8 55.0625 49.375 62.125
102 1238.0291 5 0 2 79 68.8125 50.375 87.3125 0 3 9 37.875 31.1875 44.5625 1 1 40 24.5 12.375 36.5625 1 2 37 95.5 85.3125 105.625 1 3 8 55.0625 49.375 62.125
103 1248.8458 5 0 2 84 68.625 50.125 87.125 0 3 9 37.875 31.1875 44.5625 1 1 42 24.5 12.375 36.5625 1 2 39 95.125 84.8125 105.4375 1 3 8 55.0625 49.375 62.125
104 1260.7703 5 0 2 89 68.3125 48.8125 87.8125 1 1 44 24.5 12.375 36.5625 1 2 41 94.8125 84.4375 105.1875 1 3 8 55.0625 49.5625 62.125 0 3 0 0 0 0
105 1270.9471 4 0 2 94 67.9375 47.875 88.0625 1 1 46 24.3125 12.1875 36.375 1 2 43 94.5 84.0625 104.875 1 3 9 55.0625 49.8125 62.125
106 1282.8956 4 0 2 100 67.625 47.25 87.9375 1 1 48 24.1875 11.875 36.4375 1 2 45 94.125 83.75 104.5625 1 3 9 55.25 50.1875 61.9375
107 1294.8986 4 0 2 109 67.125 46.375 87.875 1 1 52 24.1875 12 36.25 1 2 48 93.8125 83.375 104.1875 1 3 9 55.375 50.4375 61.875
108 1307.4598 4 0 2 112 67.125 46.3125 87.9375 1 1 53 24.1875 12.0625 36.25 1 2 49 93.6875 83.3125 104.125 1 3 9 55.625 50.625 62.0625
109 1319.4146 4 0 2 116 67.125 46.3125 87.9375 1 1 55 24.1875 12.0625 36.25 1 2 51 93.625 83.25 104.0625 1 3 10 55.75 50.6875 62.125
110 1330.7512 4 0 2 120 67.1875 46.3125 88 1 1 56 24.1875 12.0625 36.25 1 2 52 93.875 83.5 104.3125 1 3 10 55.75 50.6875 62.125
111 1341.4555 4 0 2 123 67.1875 46.3125 88 1 1 59 24.1875 12.0625 36.25 1 2 53 94 83.625 104.4375 1 3 11 55.75 50.6875 62.125
112 1353.6337 4 0 2 126 67.1875 46.3125 88 1 1 61 24.1875 12.0625 36.25 1 2 54 94.0625 83.625 104.4375 1 3 11 55.75 50.8125 62.125
113 1365.7014 4 0 2 132 66.9375 44.6875 89.25 1 1 65 24.1875 12.0625 36.25 1 2 56 94.375 83.9375 104.8125 1 3 12 55.9375 51 62.3125
114 1376.9631 4 0 2 136 67.0625 45.25 88.875 1 1 67 24.1875 12.0625 36.25 1 2 57 94.375 83.9375 104.8125 1 3 12 56.0625 51.125 62.4375
115 1388.1051 4 0 2 139 67.125 45.5 88.75 1 1 69 24.1875 12.0625 36.25 1 2 58 94.375 83.9375 104.8125 1 3 13 56.0625 51.1875 62.4375
116 1400.9473 4 0 2 142 66.9375 44.375 89.5 1 1 72 24.1875 12.0625 36.25 1 2 58 94.375 83.9375 104.8125 1 3 13 56.0625 51.1875 62.4375
117 1413.6017 4 0 2 145 66.625 43.6875 89.625 1 1 74 24.1875 12.0625 36.25 1 2 59 94.375 83.9375 104.8125 1 3 14 56.0625 51.1875 62.4375
118 1425.0654 4 0 2 149 66.125 43.375 88.875 1 1 79 24.1875 12.0625 36.25 1 2 60 94.6875 84.3125 105.125 1 3 15 56.0625 51.1875 62.4375
119 1439.7476 4 0 2 152 65.875 43.3125 88.5 1 1 82 24.1875 12.0625 36.25 1 2 61 94.6875 84.3125 105.125 1 3 15 56.0625 51.1875 62.4375
120 1452.2377 4 0 2 154 65.8125 43.25 88.3125 1 1 83 24.375 12.25 36.4375 1 2 61 94.6875 84.3125 105.125 1 3 16 56.0625 51.1875 62.4375
121 1470.0816 4 0 2 158 65.8125 43.5 88.125 1 1 87 24.5 12.375 36.5625 1 2 62 94.6875 84.5 104.9375 1 3 16 56.0625 51.1875 62.4375
122 1483.9608 4 0 2 160 65.625 43.375 87.8125 1 1 89 24.5 12.375 36.5625 1 2 63 94.9375 84.75 105.0625 1 3 17 56.0625 51.1875 62.4375
123 1497.9329 4 0 2 163 65.5 43.3125 87.625 1 1 92 24.5 12.375 36.5625 1 2 64 95.0625 84.9375 105.125 1 3 18 56.0625 51.1875 62.4375
124 1509.7823 4 0 2 164 65.5 43.6875 87.25 1 1 94 24.5 12.375 36.5625 1 2 64 95.0625 84.9375 105.125 1 3 18 56.0625 51.1875 62.4375
125 1522.2815 4 0 2 165 65.25 43.625 86.875 1 1 96 24.5 12.375 36.5625 1 2 65 95.0625 84.9375 105.125 1 3 18 56.0625 51.1875 62.4375
126 1534.9512 4 0 2 166 65.125 43.625 86.6875 1 1 97 24.5 12.375 36.5625 1 2 66 95.0625 84.9375 105.125 1 3 19 56.3125 51.4375 62.4375
127 1547.1579 4 0 2 168 65.125 43.625 86.625 1 1 99 24.8125 12.75 36.9375 1 2 67 95.0625 84.9375 105.125 1 3 19 56.3125 51.4375 62.4375
128 1562.0094 4 0 2 169 64.9375 43.4375 86.4375 1 1 101 24.8125 12.75 36.9375 1 2 67 95.0625 84.9375 105.125 1 3 20 56.4375 51.5625 62.4375
129 1573.7835 4 0 2 170 64.8125 43.5 86.125 1 1 103 24.8125 12.75 36.9375 1 2 68 95.0625 84.9375 105.125 1 3 20 56.4375 51.5625 62.4375
130 1586.09 4 0 2 171 64.625 43.375 85.8125 1 1 104 24.8125 12.75 36.9375 1 2 69 95.25 85.1875 105.3125 1 3 21 56.4375 51.5625 62.4375
131 1598.6259 4 0 2 173 64.25 43.0625 85.4375 1 1 107 24.8125 12.75 36.9375 1 2 70 95.375 85.3125 105.4375 1 3 21 56.4375 51.5625 62.4375
132 1611.9825 4 0 2 174 64.375 43.1875 85.5 1 1 108 24.8125 13.1875 36.5 1 2 71 95.375 85.3125 105.4375 1 3 21 56.4375 51.5625 62.4375
133 1623.6681 4 0 2 175 64.1875 43.0625 85.375 1 1 109 24.8125 13.3125 36.375 1 2 71 95.375 85.3125 105.4375 1 3 22 56.4375 51.5625 62.4375
134 1635.6403 4 0 2 176 64.125 43 85.3125 1 1 110 24.8125 13.375 36.3125 1 2 72 95.375 85.3125 105.4375 1 3 22 56.4375 51.5625 62.4375
135 1647.6974 4 0 2 178 64.125 43 85.3125 1 1 113 24.8125 13.25 36.4375 1 2 73 95.375 85.3125 105.4375 1 3 22 56.4375 51.5625 62.4375
136 1658.8682 4 0 2 178 63.9375 42.75 85.0625 1 1 114 24.8125 13.375 36.3125 1 2 74 95.375 85.3125 105.4375 1 3 23 56.4375 51.5625 62.4375
137 1670.2783 4 0 2 179 63.8125 42.625 84.9375 1 1 116 24.8125 13 36.6875 1 2 74 95.375 85.3125 105.4375 1 3 23 56.4375 51.5625 62.4375
138 1682.0338 4 0 2 179 63.8125 42.625 84.9375 1 1 117 24.8125 13.25 36.4375 1 2 75 95.375 85.3125 105.4375 1 3 23 56.4375 51.5625 62.4375
139 1693.5275 4 0 2 180 63.8125 42.625 84.9375 1 1 117 24.8125 12.9375 36.75 1 2 75 95.375 85.3125 105.4375 1 3 23 56.4375 51.5625 62.4375
140 1705.84 4 0 2 180 63.8125 43.0625 84.5625 1 1 118 25.0625 13.4375 36.625 1 2 76 95.375 85.3125 105.4375 1 3 23 56.4375 51.5625 62.4375
141 1717.5153 4 0 2 181 63.8125 43.25 84.375 1 1 120 25.1875 13.75 36.625 1 2 76 95.6875 85.625 105.8125 1 3 24 56.0625 51.1875 62.375
142 1728.2962 4 0 2 182 63.8125 43.3125 84.3125 1 1 122 25.1875 13.3125 37 1 2 76 95.6875 85.625 105.8125 1 3 24 56.0625 51.1875 62.375
143 1740.9347 4 0 2 182 63.8125 43.3125 84.3125 1 1 123 25.1875 13.1875 37.1875 1 2 77 95.6875 85.625 105.8125 1 3 25 56.0625 51.1875 62.4375
144 1753.218 4 0 2 182 63.8125 43.3125 84.3125 1 1 124 25.1875 13.125 37.1875 1 2 77 95.6875 85.625 105.8125 1 3 25 56.0625 51.1875 62.4375
145 1764.5921 4 0 2 182 63.8125 43.3125 84.3125 1 1 125 25.1875 13.0625 37.25 1 2 78 95.6875 85.625 105.8125 1 3 25 56.0625 51.1875 62.4375
146 1777.7241 4 0 2 183 63.4375 43 83.9375 1 1 126 25.1875 13.0625 37.25 1 2 78 95.6875 85.625 105.8125 1 3 26 55.875 51 62.25
147 1790.1057 4 0 2 183 63.4375 43 83.9375 1 1 127 25.1875 13.0625 37.25 1 2 78 95.6875 85.625 105.8125 1 3 26 55.75 50.875 62.125
148 1800.708 4 0 2 184 63.4375 43 83.9375 1 1 127 25.375 13.3125 37.5 1 2 78 95.6875 85.625 105.8125 1 3 26 55.75 50.875 62.125
149 1811.8169 4 0 2 184 63.4375 43 83.9375 1 1 129 25.5 13.4375 37.625 1 2 78 95.6875 85.625 105.8125 1 3 26 55.75 50.875 62.125
150 1825.0882 4 0 2 184 63.4375 43 83.9375 1 1 130 25.5 13.4375 37.625 1 2 79 95.6875 85.625 105.8125 1 3 27 55.5 50.625 61.9375
151 1839.7345 4 0 2 184 63.4375 43 83.9375 1 1 131 25.5 13.4375 37.625 1 2 79 95.6875 85.625 105.8125 1 3 27 55.375 50.5 61.8125
152 1851.5378 4 0 2 184 63.4375 43 83.9375 1 1 132 25.5 13.4375 37.625 1 2 79 95.6875 85.625 105.8125 1 3 27 55.375 50.5 61.8125
153 1863.6738 4 0 2 184 63.4375 43 83.9375 1 1 132 25.5 13.4375 37.625 1 2 79 95.6875 85.625 105.8125 1 3 27 55.375 50.5 61.8125
154 1874.5872 4 0 2 184 63.4375 43 83.9375 1 1 133 25.5 13.4375 37.625 1 2 79 95.6875 85.625 105.8125 1 3 27 55.375 50.5 61.8125
155 1888.5214 4 0 2 185 63.4375 43 83.9375 1 1 134 25.5 13.4375 37.625 1 2 79 95.6875 85.625 105.8125 1 3 28 55.375 50.4375 61.8125
156 1900.912 4 0 2 185 63.4375 43 83.9375 1 1 135 25.8125 13.75 37.9375 1 2 79 95.6875 85.625 105.8125 1 3 28 55.0625 50.0625 62.0625
157 1914.5552 4 0 2 185 63.4375 43 83.9375 1 1 136 25.8125 13.75 37.9375 1 2 79 95.6875 85.625 105.8125 1 3 28 55.0625 50 62.0625
158 1927.4065 4 0 2 184 63.25 42.75 83.75 1 1 137 25.8125 13.75 37.9375 1 2 79 95.9375 85.875 106 1 3 28 55.0625 49.8125 62.0625
159 1941.3497 4 0 2 184 63.125 42.625 83.625 1 1 137 25.8125 13.75 37.9375 1 2 80 95.875 85.8125 105.9375 1 3 28 55.0625 49.6875 62.125
160 1954.6787 4 0 2 184 63.125 42.625 83.625 1 1 137 25.8125 13.75 37.9375 1 2 80 95.75 85.6875 105.875 1 3 28 55.0625 49.6875 62.125
161 1969.9799 4 0 2 184 63.125 42.625 83.625 1 1 138 25.8125 13.75 37.9375 1 2 80 95.875 85.8125 106 1 3 29 55.0625 49.5 62.125
162 1982.1692 4 0 2 185 63.125 42.625 83.625 1 1 139 25.8125 13.75 37.9375 1 2 80 96 85.9375 106.125 1 3 29 55.0625 49.4375 62.125
163 1994.5291 4 0 2 184 63.125 42.625 83.625 1 1 139 25.8125 13.75 37.9375 1 2 80 96.0625 86 106.125 1 3 29 55.0625 49.375 62.125
164 2007.1609 4 0 2 184 63.125 42.625 83.625 1 1 140 25.8125 13.75 37.9375 1 2 80 96.0625 86 106.125 1 3 29 54.875 49.125 61.9375
165 2021.9118 4 0 2 183 62.9375 42.875 83 1 1 141 25.8125 13.75 37.9375 1 2 80 96.0625 86 106.125 1 3 29 54.75 49 61.8125
166 2032.9263 4 0 2 183 62.8125 42.9375 82.75 1 1 141 25.8125 13.75 37.9375 1 2 80 96.0625 86 106.125 1 3 29 54.75 49 61.8125
167 2046.198 4 0 2 184 62.8125 42.9375 82.625 1 1 141 25.8125 13.75 37.9375 1 2 80 96.0625 86 106.125 1 3 29 54.75 49 61.8125
168 2057.6199 4 0 2 184 62.8125 42.9375 82.625 1 1 142 25.8125 13.75 37.9375 1 2 80 96.0625 86 106.125 1 3 30 54.75 48.8125 61.8125
169 2069.1322 4 0 2 184 62.8125 43 82.625 1 1 143 25.8125 13.75 37.9375 1 2 79 95.8125 85.75 105.9375 1 3 30 54.75 48.6875 61.8125
170 2080.4953 4 0 2 183 62.8125 43 82.625 1 1 144 25.8125 13.75 37.9375 1 2 79 95.6875 85.625 105.8125 1 3 30 54.75 48.6875 61.8125
171 2091.7688 4 0 2 183 62.8125 43 82.625 1 1 144 25.8125 13.75 37.9375 1 2 79 95.6875 85.625 105.8125 1 3 30 54.75 48.5 61.8125
172 2104.4267 4 0 2 183 62.8125 43 82.625 1 1 145 25.8125 13.75 37.9375 1 2 79 95.6875 85.625 105.8125 1 3 30 54.75 48.4375 61.8125
173 2116.0993 4 0 2 183 62.5625 42.75 82.375 1 1 145 25.8125 13.75 37.9375 1 2 79 95.6875 85.625 105.8125 1 3 30 54.75 48.375 61.8125
174 2128.2278 4 0 2 183 62.4375 42.625 82.25 1 1 145 25.8125 13.75 37.9375 1 2 78 95.6875 85.625 105.8125 1 3 30 54.75 48.375 61.8125
175 2139.9959 4 0 2 184 62.4375 42.625 82.25 1 1 146 25.8125 13.75 37.9375 1 2 78 95.6875 85.625 105.8125 1 3 30 54.75 48.375 61.8125
176 2151.4229 4 0 2 184 62.4375 42.625 82.25 1 1 167 28.3125 14.375 42.25 1 2 77 95.6875 85.625 105.8125 1 3 30 54.75 48.375 61.8125
177 2163.5838 4 0 2 185 62.4375 42.625 82.25 1 1 168 29.625 14.9375 44.3125 1 2 77 95.6875 85.625 105.8125 1 3 30 54.75 48.375 61.8125
178 2174.5273 4 0 2 185 62.4375 42.625 82.25 1 1 168 30.0625 15.125 45 1 2 77 95.6875 85.625 105.8125 1 3 30 54.75 48.375 61.8125
179 2186.2654 4 0 2 185 62.4375 42.625 82.25 1 1 168 30.125 15.0625 45.1875 1 2 77 95.6875 85.625 105.8125 1 3 30 54.75 48.375 61.8125
180 2198.9035 4 0 2 185 62.4375 42.625 82.25 1 1 168 30 14.9375 45.125 1 2 77 95.6875 85.625 105.8125 1 3 30 54.75 48.375 61.8125
181 2210.2311 4 0 2 185 62.4375 42.625 82.25 1 1 169 29.875 14.75 45 1 2 77 95.6875 85.625 105.8125 1 3 30 54.75 48.375 61.8125
182 2222.2546 4 0 2 186 62.25 42.4375 82.0625 1 1 169 29.875 14.75 45 1 2 76 95.6875 86.0625 105.375 1 3 30 54.75 48.375 61.8125
183 2234.2224 4 0 2 186 62.125 42.3125 81.9375 1 1 170 29.875 14.75 45 1 2 76 95.6875 86.1875 105.25 1 3 30 54.75 48.375 61.8125
184 2245.3858 4 0 2 187 62.125 42.3125 81.9375 1 1 171 29.875 14.75 45 1 2 76 95.6875 86.25 105.1875 1 3 30 54.75 48.375 61.8125
185 2258.7633 4 0 2 187 62.125 42.3125 81.9375 1 1 171 29.875 14.75 45 1 2 77 95.6875 85.875 105.5625 1 3 30 54.75 48.375 61.8125
186 2269.9089 4 0 2 187 62.125 42.3125 81.9375 1 1 171 29.875 14.75 45 1 2 77 95.6875 85.75 105.6875 1 3 30 54.75 48.375 61.8125
187 2281.315 4 0 2 187 62.3125 42.5 82.125 1 1 171 29.875 14.75 45 1 2 76 95.6875 85.625 105.8125 1 3 30 54.75 48.375 61.8125
188 2293.8612 4 0 2 187 62.4375 42.625 82.25 1 1 171 29.875 14.75 45 1 2 76 95.6875 85.625 105.8125 1 3 0 0 0 0
189 2305.7355 3 0 2 187 62.25 42.4375 82.0625 1 1 172 29.875 14.75 45 1 2 76 95.6875 85.625 105.8125
190 2317.4878 3 0 2 187 62.375 42.5625 82.1875 1 1 172 29.6875 14.5625 44.75 1 2 76 95.6875 85.625 105.8125
191 2329.8539 3 0 2 186 62.4375 42.625 82.25 1 1 172 29.5625 14.4375 44.625 1 2 76 95.6875 85.625 105.8125
192 2340.756 3 0 2 185 62.4375 42.625 82.25 1 1 171 29.5625 14.4375 44.625 1 2 77 95.6875 85.625 105.8125
193 2352.7333 3 0 2 184 62.4375 42.625 82.25 1 1 170 29.5625 14.4375 44.625 1 2 77 95.6875 85.625 105.8125
194 2364.3601 3 0 2 184 62.4375 42.625 82.25 1 1 170 29.5625 14.4375 44.625 1 2 77 95.6875 85.625 105.8125
195 2380.1006 3 0 2 184 62.4375 42.625 82.25 1 1 170 29.5625 14.4375 44.625 1 2 78 95.6875 85.625 105.8125
196 2392.6113 3 0 2 184 62.4375 42.625 82.25 1 1 170 29.5625 14.4375 44.625 1 2 78 95.6875 85.625 105.8125
197 2404.9332 3 0 2 185 62.4375 42.625 82.25 1 1 171 29.5625 14.4375 44.625 1 2 78 95.6875 85.625 105.8125
198 2417.4052 3 0 2 185 62.4375 42.625 82.25 1 1 171 29.5625 14.4375 44.625 1 2 78 95.6875 85.625 105.8125
199 2432.4099 3 0 2 185 62.4375 42.625 82.25 1 1 171 29.5625 14.4375 44.625 1 2 78 95.6875 85.625 105.8125
200 2445.0697 3 0 2 185 62.4375 42.625 82.25 1 1 171 29.5625 14.4375 44.625 1 2 78 95.6875 85.625 105.8125
201 2457.4351 3 0 2 184 62.4375 42.625 82.25 1 1 171 29.5625 14.4375 44.625 1 2 78 95.6875 85.625 105.8125
202 2470.0002 3 0 2 184 62.4375 42.625 82.25 1 1 171 29.5625 14.4375 44.625 1 2 78 95.6875 85.625 105.8125
203 2482.1674 3 0 2 184 62.4375 42.625 82.25 1 1 171 29.5625 14.4375 44.625 1 2 79 95.6875 85.625 105.8125
204 2496.4537 3 0 2 184 62.4375 42.625 82.25 1 1 171 29.5625 14.4375 44.625 1 2 79 95.6875 85.4375 106
205 2508.0513 3 0 2 184 62.4375 42.625 82.25 1 1 171 29.5625 14.4375 44.625 1 2 79 95.6875 85.375 106.0625
206 2519.7392 3 0 2 184 62.4375 42.625 82.25 1 1 171 29.5625 14.4375 44.625 1 2 79 95.6875 85.5 105.9375
207 2530.9981 3 0 2 183 62.4375 42.625 82.25 1 1 171 29.5625 14.4375 44.625 1 2 79 95.6875 85.5625 105.875
208 2542.7631 3 0 2 183 62.4375 42.625 82.25 1 1 171 29.5625 14.4375 44.625 1 2 79 95.6875 85.625 105.8125
209 2554.4735 3 0 2 184 62.4375 42.1875 82.6875 1 1 171 29.5625 14.4375 44.625 1 2 79 95.6875 85.625 105.8125
210 2566.0656 3 0 2 184 62.4375 42.0625 82.8125 1 1 171 29.5625 14.4375 44.625 1 2 79 95.6875 85.625 105.8125
211 2577.9892 3 0 2 184 62.4375 42 82.875 1 1 171 29.5625 14.4375 44.625 1 2 79 95.6875 85.625 105.8125
212 2589.4553 3 0 2 184 62.4375 41.9375 82.9375 1 1 171 29.5625 14.4375 44.625 1 2 80 95.6875 85.625 105.8125
213 2600.8263 3 0 2 184 62.4375 41.9375 82.9375 1 1 152 27.25 14 40.5625 1 2 80 95.6875 85.625 105.8125
214 2611.3383 3 0 2 183 62.4375 41.9375 82.9375 1 1 152 26.0625 13.5 38.625 1 2 80 95.6875 85.625 105.8125
215 2623.0803 3 0 2 183 62.4375 41.9375 82.9375 1 1 152 25.625 13.4375 37.8125 1 2 80 95.6875 85.625 105.8125
216 2633.9681 4 0 2 183 62.4375 41.9375 82.9375 1 1 152 25.6875 13.625 37.8125 1 2 80 95.6875 85.625 105.8125 1 3 29 54.375 48.375 61.4375
217 2644.85 4 0 2 183 62.4375 41.9375 82.9375 1 1 152 25.75 13.6875 37.875 1 2 81 95.6875 85.625 105.8125 1 3 29 54.375 48.375 61.4375
218 2656.0627 4 0 2 183 62.4375 41.9375 82.9375 1 1 152 25.8125 13.75 37.9375 1 2 81 95.6875 85.625 105.8125 1 3 29 54.375 48.375 61.4375
219 2667.121 4 0 2 183 62.4375 41.9375 82.9375 1 1 152 25.8125 13.75 37.9375 1 2 81 95.6875 85.625 105.8125 1 3 29 54.375 48.375 61.4375
220 2678.1067 4 0 2 184 62.4375 41.9375 82.9375 1 1 152 25.8125 13.75 37.9375 1 2 81 95.6875 85.4375 106 1 3 29 54.375 48.375 61.4375
221 2689.1074 4 0 2 183 62.4375 41.9375 82.9375 1 1 152 25.8125 13.75 37.9375 1 2 81 95.6875 85.375 106.0625 1 3 29 54.375 48.5625 61.4375
222 2700.7851 4 0 2 183 62.4375 41.9375 82.9375 1 1 152 25.8125 13.75 37.9375 1 2 81 95.6875 85.5 105.9375 1 3 29 54.375 48.625 61.4375
223 2712.5907 4 0 2 183 62.4375 41.9375 82.9375 1 1 152 25.8125 13.75 37.9375 1 2 81 95.6875 85.5625 105.875 1 3 29 54.375 48.6875 61.4375
224 2724.5132 4 0 2 183 62.4375 41.9375 82.9375 1 1 152 25.8125 13.75 37.9375 1 2 81 95.6875 85.625 105.8125 1 3 29 54.375 48.6875 61.4375
225 2736.7396 4 0 2 183 62.4375 41.9375 82.9375 1 1 152 25.8125 13.75 37.9375 1 2 81 95.6875 85.625 105.8125 1 3 29 54.375 48.6875 61.4375
226 2748.3806 4 0 2 183 62.4375 41.9375 82.9375 1 1 152 25.8125 13.75 37.9375 1 2 81 95.6875 85.4375 106 1 3 29 54.375 48.6875 61.4375
227 2760.6777 4 0 2 182 62.4375 41.9375 82.9375 1 1 151 25.8125 13.75 37.9375 1 2 81 95.6875 85.375 106.0625 1 3 29 54.375 48.6875 61.4375
228 2773.6415 4 0 2 182 62.4375 41.9375 82.9375 1 1 151 25.8125 13.75 37.9375 1 2 81 95.6875 85.3125 106.125 1 3 29 54.375 48.6875 61.4375
229 2784.7847 4 0 2 180 62.4375 41.9375 82.9375 1 1 150 25.8125 13.75 37.9375 1 2 81 95.6875 85.3125 106.125 1 3 29 54.375 48.6875 61.4375
230 2797.4619 4 0 2 180 62.4375 41.9375 82.9375 1 1 149 25.8125 13.75 37.9375 1 2 81 95.6875 85.3125 106.125 1 3 28 54.625 48.6875 61.6875
231 2811.1308 4 0 2 179 62.4375 41.9375 82.9375 1 1 149 25.8125 13.75 37.9375 1 2 81 95.6875 85.3125 106.125 1 3 28 54.75 48.9375 61.8125
232 2825.4988 4 0 2 178 62.8125 42.3125 83.3125 1 1 147 25.8125 13.75 37.9375 1 2 81 95.6875 85.3125 106.125 1 3 28 54.75 49 61.8125
233 2837.8642 4 0 2 177 63 41.9375 84.125 1 1 146 25.8125 13.75 37.9375 1 2 80 95.6875 85.3125 106.125 1 3 28 54.75 49 61.8125
234 2850.1916 4 0 2 176 63.125 41.75 84.5 1 1 144 25.8125 13.75 37.9375 1 2 80 95.5 85.0625 105.9375 1 3 28 54.75 49 61.8125
235 2862.259 4 0 2 175 63.375 41.875 84.8125 1 1 142 25.8125 13.75 37.9375 1 2 81 95 84.1875 105.8125 1 3 27 54.75 49 61.8125
236 2878.0583 4 0 2 172 63.4375 42 84.9375 1 1 137 25.8125 13.75 37.9375 1 2 80 94.625 83.625 105.75 1 3 26 54.9375 49.3125 62
237 2890.6732 4 0 2 172 63.4375 41.5625 85.375 1 1 135 25.8125 13.75 37.9375 1 2 80 94.625 83.5625 105.75 1 3 26 55.0625 49.5625 62.125
238 2903.6528 4 0 2 171 63.6875 41.625 85.75 1 1 132 25.8125 13.75 37.9375 1 2 79 94.6875 83.625 105.75 1 3 25 55.0625 49.875 62.125
239 2916.2021 4 0 2 168 63.8125 41.5 86.1875 1 1 126 25.8125 13.75 37.9375 1 2 78 94.375 83.3125 105.4375 1 3 24 55.375 50.4375 61.875
240 2928.9011 4 0 2 166 63.8125 41.375 86.25 1 1 122 25.625 13.9375 37.3125 1 2 77 94.375 83.3125 105.4375 1 3 23 55.625 50.6875 62.0625
241 2940.1639 4 0 2 164 63.8125 41.375 86.3125 1 1 119 25.5 14 37.0625 1 2 76 94.375 83.3125 105.4375 1 3 23 55.75 50.875 62.125
242 2952.9256 4 0 2 163 63.8125 41.3125 86.3125 1 1 115 25.6875 14.25 37.125 1 2 76 94.375 83.3125 105.4375 1 3 22 56 51.0625 62.375
243 2966.8424 4 0 2 160 63.6875 41.1875 86.1875 1 1 110 26.0625 14.8125 37.25 1 2 75 94.375 83.3125 105.4375 1 3 21 56.0625 51.1875 62.4375
244 2979.3226 4 0 2 101 72.75 58 87.5 1 1 107 26.1875 15 37.3125 1 2 74 94.375 83.3125 105.4375 1 3 21 56.0625 51.1875 62.4375
245 2991.4898 4 0 2 100 77.875 66.1875 89.5625 1 1 104 26.4375 15.3125 37.5 1 2 74 94.1875 83.0625 105.25 1 3 21 56.0625 51.1875 62.4375
246 3004.6167 4 0 2 99 79.6875 69.125 90.1875 1 1 101 26.5 15.4375 37.625 1 2 73 94.0625 82.9375 105.125 1 3 20 56.0625 51.1875 62.4375
247 3017.0788 5 0 1 65 40.9375 30.5625 51.375 0 2 97 79.4375 69.625 89.3125 1 1 94 27.0625 16.5 37.5625 1 2 72 94.3125 83.25 105.375 1 3 20 56.0625 51.1875 62.4375
248 3029.4584 5 0 1 64 40.9375 30.5625 51.375 0 2 96 79.125 69.375 88.9375 1 1 91 27.1875 16.75 37.6875 1 2 71 94.375 83.3125 105.4375 1 3 20 55.875 51 62.25
249 3041.8344 5 0 1 63 40.9375 30.5625 51.375 0 2 95 79 69.1875 88.75 1 1 88 27.4375 17 37.875 1 2 70 94.375 83.3125 105.4375 1 3 19 55.75 50.875 62.125
250 3054.1066 5 0 1 62 40.9375 30.5625 51.375 0 2 94 78.9375 69.125 88.6875 1 1 86 27.5 17.125 37.9375 1 2 70 94.375 83.3125 105.4375 1 3 19 55.75 50.875 62.125
251 3066.5845 5 0 1 61 40.9375 30.5625 51.375 0 2 92 78.9375 69.1875 88.6875 1 1 83 27.875 17.4375 38.25 1 2 68 94.375 83.8125 104.9375 1 3 19 55.75 50.875 62.125
252 3079.7461 5 0 1 60 40.9375 30.5625 51.375 0 2 90 79.125 69.625 88.6875 1 1 81 27.875 17.5 38.3125 1 2 67 94.375 83.875 104.875 1 3 18 55.75 50.875 62.125
253 3092.5256 5 0 1 59 40.9375 30.5625 51.375 0 2 89 79.25 69.8125 88.6875 1 1 80 27.875 17.4375 38.25 1 2 65 94.5625 84.125 105 1 3 18 55.75 50.875 62.125
254 3104.3647 5 0 1 58 40.9375 30.5625 51.375 0 2 88 79.25 69.875 88.75 1 1 79 27.875 17.4375 38.25 1 2 64 94.6875 84.25 105.125 1 3 18 55.75 50.875 62.125
255 3116.2816 5 0 1 56 40.9375 30.25 51.625 0 2 84 79.25 69.875 88.6875 1 1 76 27.875 17.4375 38.25 1 2 61 95.0625 84.625 105.4375 1 3 17 55.75 50.6875 62.125
256 3128.617 5 0 1 55 40.75 30 51.5 0 2 83 79.4375 70.0625 88.875 1 1 74 28.0625 17.625 38.5 1 2 60 95.0625 84.6875 105.5 1 3 16 55.75 50.6875 62.125
257 3140.4479 5 0 1 53 40.625 29.875 51.375 0 2 81 79.5625 70.1875 89 1 1 72 28.1875 17.75 38.625 1 2 59 95.0625 84.625 105.4375 1 3 16 55.75 50.6875 62.125
258 3152.1453 5 0 1 52 40.625 29.875 51.375 0 2 79 79.5625 70.1875 89 1 1 70 28.375 18 38.8125 1 2 57 95.0625 84.625 105.4375 1 3 16 55.75 50.6875 62.125
259 3164.3777 5 0 1 50 40.4375 29.6875 51.1875 0 2 77 79.5625 70.1875 89 1 1 68 28.5 18.125 38.9375 1 2 56 95.0625 84.625 105.4375 1 3 15 55.75 50.5 62.125
260 3176.3688 5 0 1 47 40.3125 29.8125 50.75 0 2 74 79.8125 70.375 89.1875 1 1 77 31.1875 18.5625 43.875 1 2 52 95.375 84.9375 105.8125 1 3 15 55.75 50.625 62.125
261 3187.501 5 0 1 46 40.3125 29.8125 50.6875 0 2 72 79.9375 70.5 89.3125 1 1 77 32.625 19.75 45.5625 1 2 51 95.375 84.9375 105.8125 1 3 15 55.75 50.625 62.125
262 3199.3662 5 0 1 44 40.0625 29.875 50.25 0 2 71 80.125 70.9375 89.3125 1 1 77 33.125 20.125 46.125 1 2 49 95.5625 85.1875 106 1 3 15 55.75 50.625 62.125
263 3212.2297 5 0 1 43 39.9375 29.8125 50.0625 0 2 69 80.25 71.125 89.375 1 1 75 32.9375 19.875 46.0625 1 2 47 95.9375 85.5 106.3125 1 3 15 55.75 50.625 62.125
264 3224.3646 5 0 1 41 39.9375 29.8125 50 0 2 67 80.5 71.375 89.5625 1 1 74 32.75 19.625 45.875 1 2 45 96.25 85.875 106.6875 1 3 15 55.75 50.625 62.125
265 3236.3755 5 0 1 38 39.9375 29.875 50 0 2 65 80.8125 71.75 89.875 1 1 72 32.625 19.5 45.75 1 2 43 96.625 86.1875 107 1 3 15 55.75 50.625 62.125
266 3248.3698 5 0 1 33 39.625 30.4375 48.6875 0 2 61 81.25 72.1875 90.3125 1 1 67 32.75 19.625 45.875 1 2 40 97.3125 87.75 106.875 1 3 15 55.75 50.625 62.125
267 3261.3083 5 0 1 27 37.5625 29.4375 45.5625 0 2 58 81.5 72.4375 90.5625 1 1 65 32.8125 19.75 45.9375 1 2 38 97.625 88.125 107.0625 1 3 15 55.75 50.625 62.125
268 3273.2758 5 0 1 25 36.4375 28.8125 44.0625 0 2 56 81.625 72.5625 90.6875 1 1 63 32.875 19.8125 46 1 2 37 97.75 88.3125 107.1875 1 3 15 55.75 50.625 62.125
269 3285.9337 5 0 1 23 36.0625 28.75 43.375 0 2 53 81.6875 72.625 90.75 1 1 60 32.875 19.8125 46 1 2 35 97.8125 88.375 107.1875 1 3 15 55.75 50.625 62.125
270 3299.3586 5 0 1 20 36.125 29.625 42.625 0 2 49 81.625 72.25 90.9375 1 1 56 32.875 19.8125 46 1 2 32 97.75 88.3125 107.125 1 3 15 55.75 50.625 62.125
271 3310.8156 5 0 1 18 36.1875 29.75 42.625 0 2 47 81.625 72.1875 91 1 1 55 32.6875 19.375 46 1 2 31 97.75 88.5625 106.9375 1 3 15 55.75 50.625 62.125
272 3325.5148 5 0 1 15 37.25 31.3125 43.25 0 2 45 81.8125 72.4375 91.25 1 1 54 32.5625 19.1875 46 1 2 30 97.75 88.625 106.875 1 3 0 0 0 0
273 3338.8276 4 0 1 9 38.25 32.5 44 0 2 42 81.9375 72.5625 91.375 1 1 51 32.5625 19.125 46 1 2 27 98.0625 89 107.125
274 3351.4716 4 0 1 7 38.3125 32.625 44.0625 0 2 41 82.125 71.9375 92.375 1 1 50 32.5625 19.125 46 1 2 26 98.25 89.4375 107.125
275 3363.4099 4 0 1 6 38.3125 32.625 43.875 0 2 40 82.5 71.9375 93 1 1 34 36.4375 27.5 45.375 1 2 25 98.625 89.8125 107.375
276 3375.8949 4 0 1 4 38.5 32.8125 43.75 0 2 38 82.625 71.9375 93.3125 1 1 33 38.5625 31.375 45.75 1 2 24 98.9375 90 107.875
277 3389.5858 4 0 1 1 40.1875 35 45.125 0 2 35 82.875 72.125 93.5625 1 1 31 39.625 33.125 46.125 1 2 23 100.1875 91.375 108.9375
278 3401.8351 5 0 1 1 40.625 35.4375 45.5625 0 2 33 82.9375 72.1875 93.6875 1 1 29 39.5 33.0625 45.9375 1 2 22 100.625 92.3125 109 1 3 16 18.8125 12.375 24.6875
279 3413.4568 5 0 1 1 40.9375 35.75 45.875 0 2 32 83.1875 72 94.3125 1 1 28 39.375 32.9375 45.8125 1 2 19 102.4375 95.3125 109.625 1 3 15 18.8125 12.375 24.375
280 3424.8045 5 0 1 1 41.125 35.9375 46.0625 0 2 30 83.3125 72 94.5625 1 1 26 39.25 33.3125 45.3125 1 2 18 103.5625 96.875 110.25 1 3 14 18.5625 12.375 24.25
281 3454.8116 5 0 1 1 41.4375 36.1875 46.3125 0 2 16 90 83.125 97.3125 1 1 21 39.625 33.8125 45.3125 1 2 12 105.1875 98.75 111.5625 1 3 11 18.25 12.125 23.3125
282 3467.3455 5 0 1 1 41.4375 36.25 46.375 0 2 15 90.0625 83.6875 97.1875 1 1 20 39.625 33.875 45.3125 1 2 10 105.1875 98.8125 111.5625 1 3 10 18.125 12.0625 23.0625
283 3481.3491 6 0 1 1 40.375 35.4375 45.25 0 2 13 89.75 83.6875 96.875 0 3 6 71.5 65.8125 77.1875 1 1 17 39.625 33.875 45.3125 1 2 7 105.6875 99.3125 112.0625 1 3 8 17.75 11.75 22.625
284 3494.1092 6 0 1 1 40.3125 35.3125 45.1875 0 2 12 89.6875 83.8125 96.75 0 3 6 71.25 65.5625 76.9375 1 1 16 39.625 33.875 45.3125 1 2 6 106 99.1875 112.8125 1 3 7 17.5 11.6875 22.4375
285 3506.4829 6 0 1 1 39.875 34.9375 44.75 0 2 11 89.6875 83.6875 96.75 0 3 6 71.1875 65.5 76.875 1 1 15 39.625 33.875 45.3125 1 2 6 106.3125 99.4375 113.3125 1 3 6 17.4375 11.6875 22.3125
286 3520.0065 6 0 1 1 39.0625 33.75 43.9375 0 2 11 89.6875 83.6875 96.75 0 3 6 71.1875 65.5 76.875 1 1 13 39.375 33.6875 45.125 1 2 6 106.5 99.5 113.5625 1 3 5 17.125 11.375 22
287 3532.6162 6 0 1 1 38.875 33.375 43.75 0 2 10 89.4375 83.625 96.5 0 3 6 71.1875 65.5 76.875 1 1 12 38.875 33.1875 44.625 1 2 6 106.5 99.5 113.5 1 3 5 17.125 11.375 22.0625
288 3547.2957 6 0 1 1 38.6875 33 43.5625 0 2 10 89.3125 83.625 96.375 0 3 6 71.1875 65.5 76.875 1 1 11 38.625 32.875 44.3125 1 2 6 106.4375 99.4375 113.5 1 3 4 17.125 11.375 22.0625
289 3561.5859 6 0 1 2 37.875 32.125 42.75 0 2 10 89.3125 83.625 96.375 0 3 6 71.1875 65.5 76.875 1 1 10 38.375 32.625 44.0625 1 2 6 106.4375 99.4375 113.5 1 3 4 17.4375 11.6875 22.3125
290 3574.003 6 0 1 2 37 31.0625 42.375 0 2 10 89.3125 83.625 96.375 0 3 6 71.1875 65.5 76.875 1 1 10 38.25 32.5625 44 1 2 6 106.4375 99.4375 113.5 1 3 4 17.4375 11.75 22.3125
291 3586.2396 6 0 1 3 36.5625 30.625 42.375 0 2 10 89.3125 83.625 96.375 0 3 6 71.1875 65.5 76.875 1 1 9 38.0625 32.3125 43.75 1 2 6 106.4375 99.4375 113.5 1 3 3 17.4375 11.75 22.3125
292 3598.301 6 0 1 3 36.25 30.25 42.25 0 2 9 89.3125 83.625 96.375 0 3 6 71.1875 65.5 76.875 1 1 9 37.9375 32.25 43.625 1 2 7 106.4375 99.4375 113.5 1 3 3 17.4375 11.75 22.3125
293 3610.0699 6 0 1 4 35.875 29.5625 42.1875 0 2 9 89.3125 83.625 96.375 0 3 6 71.0625 65.375 76.75 1 1 8 37.9375 32.25 43.625 1 2 7 106.4375 99.4375 113.5 1 3 3 17.4375 11.75 22.3125
294 3622.459 6 0 1 5 35.875 29.5625 42.25 0 2 9 89.3125 83.625 96.375 0 3 6 70.9375 65.25 76.625 1 1 8 38.125 32.4375 43.8125 1 2 7 106.25 99.1875 113.3125 1 3 3 17.4375 11.75 22.3125
295 3635.5724 6 0 1 5 35.9375 29.5625 42.25 0 2 9 89.3125 83.625 96.375 0 3 6 70.875 65.125 76.5625 1 1 8 38.25 32.5625 43.9375 1 2 7 106.125 99.0625 113.1875 1 3 3 17.25 11.5 22.125
296 3647.6863 6 0 1 5 35.9375 29.5625 42.3125 0 2 9 89.3125 83.625 96.375 0 3 6 71.0625 65.375 76.75 1 1 8 38.25 32.5625 44 1 2 7 106.125 99.0625 113.1875 1 3 3 17.125 11.375 22
297 3660.6162 6 0 1 5 35.9375 29.5625 42.3125 0 2 9 89.3125 83.625 96.375 0 3 6 71 65.25 76.6875 1 1 8 38.25 32.5625 44 1 2 7 106.125 99.0625 113.1875 1 3 3 17.125 11.375 22
298 3671.5301 6 0 1 5 35.9375 29.5625 42.3125 0 2 9 89.3125 83.625 96.375 0 3 6 70.9375 65.1875 76.625 1 1 8 38.25 32.5625 44 1 2 7 106.125 99.0625 113.1875 1 3 3 17.125 11.375 22
299 3683.5267 6 0 1 5 35.9375 29.5625 42.3125 0 2 9 89.3125 83.625 96.375 0 3 6 71.0625 65.375 76.75 1 1 8 38.25 32.5625 44 1 2 7 106.125 99.0625 113.1875 1 3 3 17.125 11.375 22
300 3696.2679 6 0 1 5 35.6875 29.3125 42.0625 0 2 9 89.3125 83.4375 96.375 0 3 6 71.125 65.4375 76.8125 1 1 8 38.25 32.5625 44 1 2 7 106.125 99.0625 113.1875 1 3 3 17.125 11.375 22
301 3708.3064 6 0 1 5 35.8125 29.4375 42.1875 0 2 9 89.3125 83.375 96.375 0 3 6 71.1875 65.5 76.875 1 1 8 38.25 32.5625 44 1 2 7 106.125 99.0625 113.1875 1 3 3 17.125 11.375 22
302 3720.6497 6 0 1 5 35.5625 29.1875 41.9375 0 2 9 89.3125 83.3125 96.375 0 3 6 71 65.25 76.6875 1 1 7 38.25 32.5625 44 1 2 7 106.125 99.0625 113.1875 1 3 3 17.125 11.375 22
303 3732.2319 6 0 1 6 35.5625 29.1875 41.9375 0 2 10 89.3125 83.3125 96.375 0 3 6 70.875 65.1875 76.5625 1 1 7 38.25 32.5625 44 1 2 7 106.125 99.0625 113.1875 1 3 3 17.125 11.375 22
304 3747.7739 6 0 1 5 35.5625 29.1875 41.9375 0 2 10 89.3125 83.3125 96.375 0 3 6 70.875 65.125 76.5625 1 1 7 38.25 32.5625 44 1 2 7 106.125 99.0625 113.1875 1 3 3 17.125 11.375 22
305 3761.6429 6 0 1 6 35.5625 29.1875 41.9375 0 2 10 89.3125 83.3125 96.375 0 3 6 70.875 65.125 76.5625 1 1 7 38.625 32.875 44.3125 1 2 7 106.125 99.0625 113.1875 1 3 3 17.125 11.375 22
306 3774.1065 6 0 1 6 35.5625 29.1875 41.9375 0 2 10 89.3125 83.3125 96.375 0 3 6 70.875 65.125 76.5625 1 1 7 38.625 32.875 44.3125 1 2 7 106.125 99.0625 113.1875 1 3 3 17.125 11.375 22
307 3786.5919 6 0 1 6 35.5625 29.1875 41.9375 0 2 10 89.3125 83.3125 96.375 0 3 6 70.875 65.125 76.5625 1 1 7 38.625 32.875 44.3125 1 2 7 106.125 99.0625 113.1875 1 3 3 17.125 11.375 22
308 3798.4508 6 0 1 6 35.5625 29.1875 41.9375 0 2 10 89.3125 83.3125 96.375 0 3 6 70.875 65.125 76.5625 1 1 7 38.625 32.875 44.3125 1 2 7 106.125 99.0625 113.1875 1 3 3 17.125 11.375 22
309 3809.9911 6 0 1 6 35.5625 29.1875 41.9375 0 2 10 89.3125 83.3125 96.375 0 3 6 70.875 65.125 76.5625 1 1 7 38.625 32.875 44.3125 1 2 8 106.125 99.0625 113.1875 1 3 3 17.125 11.375 22
310 3822.7943 6 0 1 6 35.5625 29.1875 41.9375 0 2 10 89.3125 83.3125 96.375 0 3 6 70.875 65.125 76.5625 1 1 7 38.625 32.875 44.3125 1 2 8 106.125 99.0625 113.1875 1 3 3 17.125 11.375 22
311 3833.9967 6 0 1 6 35.5625 29.1875 41.9375 0 2 10 89.3125 83.3125 96.375 0 3 6 71.0625 65.375 76.75 1 1 7 38.625 32.875 44.3125 1 2 8 106.125 99.0625 113.1875 1 3 3 17.125 11.375 22
312 3845.2761 6 0 1 6 35.5625 29.1875 41.9375 0 2 10 89.3125 83.3125 96.375 0 3 6 71 65.25 76.6875 1 1 7 38.625 32.875 44.3125 1 2 8 106.125 99.0625 113.1875 1 3 3 17.125 11.375 22
313 3857.2799 6 0 1 6 35.5625 29.1875 41.9375 0 2 10 89.3125 83.3125 96.375 0 3 6 70.9375 65.1875 76.625 1 1 7 38.625 32.875 44.3125 1 2 8 106.125 99.0625 113.1875 1 3 3 17.125 11.375 22
314 3867.6956 6 0 1 6 35.5625 29.1875 41.9375 0 2 10 89.3125 83.3125 96.375 0 3 6 70.875 65.125 76.5625 1 1 7 38.625 32.875 44.3125 1 2 8 106.125 99.0625 113.1875 1 3 3 17.125 11.375 22
315 3880.7091 6 0 1 6 35.5625 29.1875 41.9375 0 2 10 89.3125 83.3125 96.375 0 3 6 71.1875 65.4375 76.875 1 1 7 38.625 32.875 44.3125 1 2 8 105.9375 99.3125 112.5625 1 3 3 17.125 11.375 22
316 3892.5688 6 0 1 6 35.5625 29.1875 41.9375 0 2 10 89.3125 83.3125 96.375 0 3 6 71.1875 65.5 76.875 1 1 7 38.625 32.875 44.3125 1 2 8 105.8125 99.375 112.3125 1 3 3 17.125 11.375 22
317 3902.9565 6 0 1 6 35.5625 29.1875 41.9375 0 2 10 89.3125 83.3125 96.375 0 3 6 71.1875 65.5 76.875 1 1 7 38.625 32.875 44.3125 1 2 8 106 99.125 112.8125 1 3 3 17.125 11.375 22
318 3917.2696 6 0 1 6 35.5625 29.1875 41.9375 0 2 10 89.3125 83.3125 96.375 0 3 6 71.1875 65.5 76.875 1 1 8 38.625 32.875 44.3125 1 2 8 105.875 99.3125 112.4375 1 3 3 17.125 11.375 22
319 3930.0368 6 0 1 6 35.5625 29.1875 41.9375 0 2 10 89.3125 83.3125 96.375 0 3 6 71 65.25 76.6875 1 1 8 38.625 32.875 44.3125 1 2 8 105.8125 99.375 112.3125 1 3 4 17.125 11.375 22
320 3942.1949 6 0 1 7 35.5625 29.1875 41.9375 0 2 10 89.3125 83.3125 96.375 0 3 6 70.875 65.125 76.5625 1 1 8 38.625 32.875 44.3125 1 2 9 105.8125 99.4375 112.1875 1 3 4 17.125 11.375 22
321 3955.0344 6 0 1 7 35.5625 29.1875 41.9375 0 2 10 89.3125 83.3125 96.375 0 3 6 70.875 65.125 76.5625 1 1 8 38.625 32.875 44.3125 1 2 9 105.5625 99.1875 111.9375 1 3 4 17.125 11.375 22
322 3969.985 6 0 1 7 35.5625 29.1875 41.9375 0 2 10 89.3125 83.3125 96.375 0 3 6 71.0625 65.3125 76.75 1 1 8 38.625 32.875 44.3125 1 2 9 105.4375 99.0625 111.8125 1 3 4 17.125 11.375 22
323 3981.9746 6 0 1 7 35.5625 29.1875 41.9375 0 2 10 89.3125 83.3125 96.375 0 3 6 71.1875 65.5 76.875 1 1 8 38.625 32.875 44.3125 1 2 9 105.25 98.875 111.625 1 3 4 17.125 11.375 22
324 3993.8576 6 0 1 7 35.5625 29.1875 41.9375 0 2 10 89.3125 83.3125 96.375 0 3 6 71 65.3125 76.6875 1 1 8 38.625 32.875 44.3125 1 2 9 105.125 98.75 111.5 1 3 4 17.125 11.375 22
325 4006.2936 6 0 1 7 35.5625 29.1875 41.9375 0 2 10 89.3125 83.3125 96.375 0 3 6 70.875 65.1875 76.5625 1 1 8 38.625 32.875 44.3125 1 2 9 105.125 98.75 111.5 1 3 4 17.125 11.375 22
326 4020.107 6 0 1 7 35.5625 29.1875 41.9375 0 2 10 89.3125 83.3125 96.375 0 3 6 70.875 65.125 76.5625 1 1 8 38.625 32.875 44.3125 1 2 9 105.125 98.75 111.5 1 3 4 17.125 11.375 22
327 4033.1379 6 0 1 7 35.4375 29.0625 41.8125 0 2 10 89.3125 83.3125 96.375 0 3 6 70.875 65.125 76.5625 1 1 8 38.625 32.875 44.3125 1 2 9 105.125 98.75 111.5 1 3 4 17.125 11.375 22
328 4045.0907 6 0 1 7 35.3125 28.9375 41.6875 0 2 10 89.3125 83.3125 96.375 0 3 6 70.875 65.125 76.5625 1 1 8 38.625 32.875 44.3125 1 2 9 104.9375 98.5 111.3125 1 3 4 17.125 11.375 22
329 4057.0377 6 0 1 7 35.25 28.875 41.625 0 2 10 89.3125 83.3125 96.375 0 3 6 70.875 65.125 76.5625 1 1 8 38.625 32.875 44.3125 1 2 9 104.8125 98.375 111.1875 1 3 4 17.125 11.375 22
330 4069.8456 6 0 1 7 35.25 28.875 41.625 0 2 10 89.3125 83.3125 96.375 0 3 6 70.875 65.125 76.5625 1 1 8 38.625 32.875 44.3125 1 2 9 104.8125 98.375 111.1875 1 3 4 17.125 11.375 22
331 4082.0266 6 0 1 7 35.25 28.875 41.625 0 2 10 89.3125 83.3125 96.375 0 3 6 71 65.25 76.6875 1 1 8 38.625 32.875 44.3125 1 2 9 104.8125 98.375 111.1875 1 3 4 17.125 11.375 22
332 4093.2882 6 0 1 7 35.25 28.875 41.625 0 2 10 89.3125 83.3125 96.375 0 3 6 70.9375 65.1875 76.625 1 1 8 38.625 32.875 44.3125 1 2 9 104.8125 98.375 111.1875 1 3 4 17.125 11.375 22
333 4104.977 6 0 1 7 35.25 28.875 41.625 0 2 10 89.3125 83.3125 96.375 0 3 6 70.875 65.125 76.5625 1 1 8 38.625 32.875 44.3125 1 2 9 104.8125 98.375 111.1875 1 3 4 17.125 11.375 22
334 4117.6609 6 0 1 7 35.25 28.875 41.625 0 2 10 89.3125 83.3125 96.375 0 3 6 70.875 65.125 76.5625 1 1 8 38.625 32.875 44.3125 1 2 8 104.8125 98.375 111.1875 1 3 4 17.125 11.375 22
335 4130.1712 6 0 1 7 35.25 28.875 41.625 0 2 10 89.3125 83.3125 96.375 0 3 6 70.875 65.125 76.5625 1 1 8 38.625 32.875 44.3125 1 2 8 104.8125 98.375 111.1875 1 3 4 17.125 11.375 22
336 4141.1865 6 0 1 7 35.25 28.875 41.625 0 2 10 89.3125 83.3125 96.375 0 3 6 70.875 65.125 76.5625 1 1 8 38.625 32.875 44.3125 1 2 8 104.8125 98.375 111.1875 1 3 4 17.125 11.375 22
337 4155.9504 6 0 1 7 35.25 28.875 41.625 0 2 10 89.3125 83.3125 96.375 0 3 6 70.875 65.125 76.5625 1 1 8 38.625 32.875 44.3125 1 2 8 104.8125 98.375 111.1875 1 3 4 17.125 11.375 22
338 4168.9722 6 0 1 7 35.25 28.875 41.625 0 2 10 89.3125 83.3125 96.375 0 3 6 70.875 65.125 76.5625 1 1 8 38.625 32.875 44.3125 1 2 8 104.5625 98.375 110.75 1 3 4 17.125 11.375 22
339 4180.4628 6 0 1 7 35.25 28.875 41.625 0 2 10 89.3125 83.3125 96.375 0 3 6 71.0625 65.375 76.75 1 1 8 38.625 32.875 44.3125 1 2 8 104.4375 98.3125 110.5625 1 3 4 17.125 11.375 22
340 4193.6015 6 0 1 7 35.25 28.875 41.625 0 2 10 89.3125 83.3125 96.375 0 3 6 70.9375 65.1875 76.625 1 1 8 38.625 32.875 44.3125 1 2 8 104.4375 98.375 110.5 1 3 4 17.125 11.375 22
341 4205.9484 6 0 1 7 35.25 28.875 41.625 0 2 10 89.3125 83.3125 96.375 0 3 6 71.0625 65.375 76.75 1 1 8 38.625 32.875 44.3125 1 2 8 104.25 98.1875 110.3125 1 3 4 17.125 11.375 22
342 4219.4348 6 0 1 7 35.25 28.875 41.625 0 2 10 89.3125 83.3125 96.375 0 3 6 71.1875 65.4375 76.875 1 1 8 38.625 32.875 44.3125 1 2 8 104.125 98.0625 110.1875 1 3 4 17.125 11.375 22
343 4232.8961 6 0 1 7 35.25 28.875 41.625 0 2 10 89.3125 83.3125 96.375 0 3 6 71.125 65.375 76.8125 1 1 9 38.625 32.875 44.3125 1 2 8 103.875 97.875 109.9375 1 3 4 17.125 11.375 22
344 4246.0067 6 0 1 7 35.25 28.875 41.625 0 2 10 89.3125 83.3125 96.375 0 3 5 71 65.25 76.6875 1 1 9 38.625 32.875 44.3125 1 2 8 103.75 97.75 109.8125 1 3 4 17.125 11.375 22
345 4257.8554 6 0 1 7 35.25 28.875 41.625 0 2 10 89.3125 83.3125 96.375 0 3 5 70.875 65.125 76.5625 1 1 9 38.625 32.875 44.3125 1 2 8 103.75 97.75 109.8125 1 3 4 17.125 11.375 22
346 4270.8366 6 0 1 7 35.25 28.875 41.625 0 2 10 89.3125 83.3125 96.375 0 3 6 71.0625 65.375 76.75 1 1 9 38.625 32.875 44.3125 1 2 8 103.75 97.75 109.8125 1 3 4 17.125 11.375 22
347 4282.5893 6 0 1 7 35.25 28.875 41.625 0 2 10 89.3125 83.3125 96.375 0 3 6 70.9375 65.25 76.625 1 1 9 38.625 32.875 44.3125 1 2 8 103.75 97.75 109.8125 1 3 4 17.125 11.375 22
348 4296.4196 6 0 1 7 34.9375 28.5 41.3125 0 2 10 89.3125 83.3125 96.375 0 3 6 70.875 65.125 76.5625 1 1 9 38.625 32.875 44.3125 1 2 8 103.75 97.75 109.8125 1 3 4 17.125 11.375 22
349 4309.4837 6 0 1 7 35.125 28.6875 41.5 0 2 10 89.3125 83.3125 96.375 0 3 5 71.0625 65.375 76.75 1 1 9 38.375 32.6875 44.125 1 2 8 104 97.9375 110.0625 1 3 4 17.125 11.375 22.0625
350 4322.3208 6 0 1 7 35 28.625 41.375 0 2 10 89.3125 83.3125 96.375 0 3 6 71.1875 65.4375 76.875 1 1 9 38.5 32.75 44.1875 1 2 8 103.875 97.875 109.9375 1 3 4 17.125 11.375 22
351 4334.9945 6 0 1 7 35.125 28.75 41.5 0 2 10 89.3125 83.3125 96.375 0 3 5 71.125 65.375 76.8125 1 1 9 38.625 32.875 44.3125 1 2 8 103.75 97.75 109.8125 1 3 5 17.125 11.375 22.125
352 4346.864 6 0 1 7 35.0625 28.625 41.4375 0 2 10 89.3125 83.3125 96.375 0 3 5 71 65.25 76.6875 1 1 9 38.625 32.875 44.3125 1 2 8 103.75 97.75 109.8125 1 3 4 17.125 11.375 22.125
353 4359.2981 6 0 1 7 34.9375 28.5625 41.3125 0 2 10 89.3125 83.3125 96.375 0 3 5 71.0625 65.375 76.75 1 1 9 38.625 32.875 44.3125 1 2 8 103.75 97.75 109.8125 1 3 4 17.125 11.375 22.125
354 4371.8672 6 0 1 7 34.9375 28.5 41.3125 0 2 10 89.3125 83.3125 96.375 0 3 6 71 65.25 76.6875 1 1 9 38.375 32.6875 44.125 1 2 8 103.75 97.75 109.8125 1 3 5 17.125 11.375 22.125
355 4384.4469 6 0 1 7 34.9375 28.5 41.3125 0 2 10 89.3125 83.3125 96.375 0 3 5 70.875 65.125 76.5625 1 1 9 38.5625 32.8125 44.25 1 2 8 103.75 97.75 109.8125 1 3 5 17.125 11.375 22.125
356 4396.907 6 0 1 7 34.9375 28.5 41.3125 0 2 10 89.3125 83.3125 96.375 0 3 5 71.0625 65.375 76.75 1 1 9 38.625 32.875 44.3125 1 2 8 103.75 97.75 109.8125 1 3 5 17.125 11.375 22.125
357 4409.975 6 0 1 7 34.9375 28.5 41.3125 0 2 10 89.3125 83.3125 96.375 0 3 5 71.1875 65.4375 76.875 1 1 9 38.375 32.6875 44.125 1 2 8 103.75 97.75 109.8125 1 3 5 17.125 11.375 22.125
358 4422.4012 6 0 1 7 34.9375 28.5 41.3125 0 2 10 89.3125 83.3125 96.375 0 3 5 71.1875 65.5 76.875 1 1 9 38.25 32.5625 44 1 2 8 103.5625 97.75 109.375 1 3 5 17.125 11.375 22.125
359 4434.4752 6 0 1 7 34.9375 28.5 41.3125 0 2 10 89.3125 83.3125 96.375 0 3 5 71.1875 65.5 76.875 1 1 9 38.25 32.5625 44 1 2 8 103.4375 97.6875 109.125 1 3 5 17.125 11.375 22.125
360 4446.5757 6 0 1 7 34.9375 28.5 41.3125 0 2 10 89.3125 83.3125 96.375 0 3 5 71.1875 65.5 76.875 1 1 9 38.4375 32.75 44.1875 1 2 8 103.25 97.5 108.9375 1 3 5 17.125 11.375 22.125
361 4459.2269 6 0 1 7 34.9375 28.5 41.3125 0 2 10 89.3125 83.3125 96.375 0 3 5 71.1875 65.5 76.875 1 1 9 38.375 32.6875 44.125 1 2 7 103.125 97.375 108.8125 1 3 5 17.125 11.375 22.125
362 4470.4108 6 0 1 7 34.9375 28.5 41.3125 0 2 10 89.3125 83.3125 96.375 0 3 5 71.1875 65.5 76.875 1 1 9 38.3125 32.625 44.0625 1 2 8 103.125 97.375 108.8125 1 3 5 17.125 11.375 22.125
363 4483.4267 6 0 1 7 34.9375 28.5 41.3125 0 2 10 89.3125 83.3125 96.375 0 3 5 71.1875 65.5 76.875 1 1 9 38.25 32.5625 44 1 2 8 103.125 97.375 108.8125 1 3 5 17.125 11.375 22.125
364 4495.3121 6 0 1 7 34.9375 28.5 41.3125 0 2 10 89.3125 83.3125 96.375 0 3 5 71.1875 65.5 76.875 1 1 9 38.25 32.5625 44 1 2 8 103.125 97.375 108.8125 1 3 5 17.125 11.375 22.125
365 4506.9491 6 0 1 7 34.9375 28.5 41.3125 0 2 10 89.3125 83.3125 96.375 0 3 5 71.1875 65.5 76.875 1 1 9 38.25 32.5625 44 1 2 8 103.125 97.375 108.8125 1 3 5 17.125 11.375 22.125
366 4518.5068 6 0 1 7 34.9375 28.5 41.3125 0 2 10 89.3125 83.3125 96.375 0 3 5 71.1875 65.5 76.875 1 1 9 38.25 32.5625 44 1 2 8 103.125 97.375 108.8125 1 3 5 17.125 11.375 22.125
367 4530.5137 6 0 1 7 34.9375 28.5 41.3125 0 2 10 89.3125 83.3125 96.375 0 3 5 71.1875 65.5 76.875 1 1 9 38.25 32.5625 44 1 2 8 103.3125 97.625 109 1 3 5 17.125 11.375 22.125
368 4544.2856 6 0 1 7 34.9375 28.5 41.3125 0 2 10 89.3125 83.3125 96.375 0 3 5 71.1875 65.5 76.875 1 1 9 38.25 32.5625 44 1 2 8 103.25 97.5 108.9375 1 3 5 17.125 11.375 22.125
369 4556.6115 6 0 1 7 34.9375 28.5 41.3125 0 2 10 89.3125 83.3125 96.375 0 3 5 71.1875 65.5 76.875 1 1 9 38.25 32.5625 44 1 2 8 103.25 97.5 108.9375 1 3 5 17.125 11.375 22.125
370 4568.6516 6 0 1 7 34.9375 28.5 41.3125 0 2 10 89.3125 83.3125 96.375 0 3 5 71.1875 65.5 76.875 1 1 9 38.25 32.5625 44 1 2 8 103.125 97.4375 108.8125 1 3 5 17.125 11.375 22.125
371 4581.0359 6 0 1 7 34.9375 28.5 41.3125 0 2 10 89.3125 83.3125 96.375 0 3 5 71.1875 65.5 76.875 1 1 9 38.25 32.5625 44 1 2 8 103.125 97.375 108.8125 1 3 5 17.125 11.375 22.125
