V_L_F
【竖屏,左手持握,左手拇指操作】
请左手持握手机，并尽量让设备易于识别你的握姿
0 0.5258 4 0 1 45 28.5 17.125 39.9375 0 3 41 67.8125 57.25 78.4375 1 1 41 19.8125 8.6875 30.875 1 2 27 90.6875 80.625 100.75
1 10.7239 4 0 1 45 28.5 17.125 39.9375 0 3 41 67.8125 57.125 78.5 1 1 41 19.8125 8.6875 30.875 1 2 27 90.6875 80.625 100.75
2 22.3531 4 0 1 45 28.5 17.125 39.9375 0 3 41 67.8125 57.0625 78.5625 1 1 41 19.8125 8.6875 30.875 1 2 27 90.6875 80.625 100.75
3 31.9832 4 0 1 45 28.5 17.125 39.9375 0 3 41 67.8125 57.0625 78.5625 1 1 41 19.8125 8.6875 30.875 1 2 27 90.6875 80.625 100.75
4 43.3273 4 0 1 45 28.5 17.125 39.9375 0 3 41 67.8125 57.0625 78.5625 1 1 41 19.8125 8.6875 30.875 1 2 27 90.6875 80.625 100.75
5 53.8018 4 0 1 45 28.5 17.125 39.9375 0 3 41 67.8125 57.0625 78.5625 1 1 41 19.8125 8.6875 30.875 1 2 27 90.6875 80.625 100.75
6 64.2771 4 0 1 45 28.5 17.125 39.9375 0 3 41 67.8125 57.0625 78.5625 1 1 41 19.8125 8.6875 30.875 1 2 27 90.6875 80.625 100.75
7 75.5979 4 0 1 45 28.5 17.125 39.9375 0 3 41 67.8125 57.0625 78.5625 1 1 41 19.8125 8.6875 30.875 1 2 27 90.6875 80.625 100.75
8 86.1553 4 0 1 45 28.5 17.125 39.9375 0 3 41 67.8125 57.0625 78.5625 1 1 41 19.8125 8.6875 30.875 1 2 27 90.6875 80.625 100.75
9 96.0917 4 0 1 45 28.5 17.125 39.9375 0 3 41 67.8125 57.0625 78.5625 1 1 41 19.8125 8.6875 30.875 1 2 27 90.6875 80.625 100.75
10 106.5974 4 0 1 45 28.5 17.125 39.9375 0 3 41 67.8125 57.0625 78.5625 1 1 41 19.8125 8.6875 30.875 1 2 27 90.6875 80.625 100.75
11 117.4773 4 0 1 45 28.5 17.125 39.9375 0 3 41 67.8125 57.0625 78.5625 1 1 41 19.8125 8.6875 30.875 1 2 27 90.6875 80.625 100.75
12 127.6198 4 0 1 45 28.5 17.125 39.9375 0 3 41 67.8125 57.0625 78.5625 1 1 41 19.8125 8.6875 30.875 1 2 27 90.6875 80.625 100.75
13 140.7427 4 0 1 45 28.5 17.125 39.9375 0 3 41 67.8125 57.0625 78.5625 1 1 41 19.8125 8.6875 30.875 1 2 27 90.6875 80.625 100.75
14 151.3167 4 0 1 44 28.5 17.3125 39.75 0 3 41 67.8125 57.5 78.1875 1 1 41 19.8125 8.6875 30.875 1 2 27 90.6875 80.625 100.75
15 162.9218 4 0 1 44 28.3125 17.1875 39.4375 0 3 41 67.8125 57.625 78.0625 1 1 42 19.8125 8.6875 30.875 1 2 27 90.6875 80.625 100.75
16 174.5714 4 0 1 44 28.1875 17.125 39.3125 0 3 41 67.8125 57.6875 78 1 1 42 19.8125 8.9375 30.6875 1 2 27 90.6875 80.625 100.75
17 185.7707 4 0 1 44 28.1875 17.125 39.25 0 3 41 67.8125 57.75 77.9375 1 1 42 19.8125 9 30.625 1 2 27 90.6875 80.625 100.75
18 197.0035 4 0 1 44 28.1875 17.125 39.25 0 3 41 67.8125 57.75 77.9375 1 1 41 19.8125 8.8125 30.75 1 2 27 90.6875 80.625 100.75
19 208.6248 4 0 1 44 28.1875 17.125 39.25 0 3 41 67.8125 57.75 77.9375 1 1 42 19.8125 8.9375 30.625 1 2 27 90.6875 80.625 100.75
20 220.0715 4 0 1 44 28.375 17.3125 39.5 0 3 41 67.8125 57.75 77.9375 1 1 42 19.8125 8.9375 30.625 1 2 27 90.6875 80.625 100.75
21 232.161 4 0 1 44 28.5 17.4375 39.625 0 3 41 67.8125 57.75 77.9375 1 1 41 19.8125 8.8125 30.8125 1 2 27 90.6875 80.625 100.75
22 243.7838 4 0 1 44 28.5 17.4375 39.625 0 3 41 67.8125 57.75 77.9375 1 1 41 19.8125 8.75 30.8125 1 2 27 90.6875 80.625 100.75
23 254.8706 4 0 1 44 28.3125 17.25 39.4375 0 3 41 67.8125 57.75 77.9375 1 1 41 19.8125 8.6875 30.875 1 2 27 90.6875 80.625 100.75
24 266.6253 4 0 1 44 28.4375 17.375 39.5 0 3 41 67.8125 57.75 77.9375 1 1 41 19.8125 8.6875 30.875 1 2 27 90.6875 80.625 100.75
25 278.0989 4 0 1 44 28.5 17.4375 39.5625 0 3 41 67.8125 57.75 77.9375 1 1 41 19.8125 8.6875 30.875 1 2 27 90.6875 80.625 100.75
26 290.0134 4 0 1 44 28.5 17.4375 39.625 0 3 41 67.8125 57.75 77.9375 1 1 42 19.8125 8.9375 30.6875 1 2 27 90.6875 80.625 100.75
27 303.7309 4 0 1 44 28.5 17.4375 39.625 0 3 41 67.8125 57.75 77.9375 1 1 41 19.8125 8.75 30.875 1 2 27 90.6875 80.625 100.75
28 314.7355 4 0 1 44 28.5 17.4375 39.625 0 3 41 67.8125 57.75 77.9375 1 1 42 19.8125 8.9375 30.6875 1 2 27 90.6875 80.625 100.75
29 328.1399 4 0 1 44 28.5 17.4375 39.625 0 3 41 67.8125 57.75 77.9375 1 1 41 19.8125 8.8125 30.8125 1 2 27 90.6875 80.625 100.75
30 339.0036 4 0 1 44 28.5 17.4375 39.625 0 3 41 67.8125 57.75 77.9375 1 1 42 19.8125 8.9375 30.625 1 2 27 90.6875 80.625 100.75
31 350.3868 4 0 1 44 28.5 17.4375 39.625 0 3 41 67.8125 57.75 77.9375 1 1 42 19.8125 9.0625 30.5625 1 2 27 90.6875 80.625 100.75
32 361.667 4 0 1 44 28.5 17.4375 39.625 0 3 41 67.8125 57.75 77.9375 1 1 42 19.8125 9.0625 30.5625 1 2 27 90.6875 80.625 100.75
33 374.2763 4 0 1 44 28.5 17.4375 39.625 0 3 41 67.8125 57.75 77.9375 1 1 42 19.8125 9.0625 30.5625 1 2 27 90.6875 80.625 100.75
34 385.9355 4 0 1 44 28.5 17.4375 39.625 0 3 41 67.8125 57.75 77.9375 1 1 42 19.8125 9.0625 30.5625 1 2 27 90.6875 80.625 100.75
35 397.4028 4 0 1 44 28.5 17.4375 39.625 0 3 41 67.8125 57.75 77.9375 1 1 42 19.8125 9.0625 30.5625 1 2 27 90.6875 80.625 100.75
36 410.6149 4 0 1 44 28.5 17.4375 39.625 0 3 41 68.0625 57.9375 78.125 1 1 42 19.8125 9.0625 30.5625 1 2 27 90.6875 80.625 100.75
37 422.7174 4 0 1 44 28.5 17.4375 39.625 0 3 41 68.0625 58 78.1875 1 1 42 19.8125 9.0625 30.5625 1 2 27 90.6875 80.625 100.75
38 434.0907 4 0 1 44 28.5 17.4375 39.625 0 3 41 67.9375 57.875 78.0625 1 1 42 19.8125 9.0625 30.5625 1 2 27 90.6875 80.625 100.75
39 445.693 4 0 1 43 28.5 17.4375 39.625 0 3 41 67.875 57.75 77.9375 1 1 42 19.8125 9.0625 30.5625 1 2 27 90.6875 80.625 100.75
40 457.2574 4 0 1 43 28.5 17.4375 39.625 0 3 41 67.8125 57.75 77.9375 1 1 42 19.8125 9.0625 30.5625 1 2 27 90.6875 80.625 100.75
41 470.4854 4 0 1 43 28.5 17.4375 39.625 0 3 41 68 57.9375 78.125 1 1 42 19.8125 9.0625 30.5625 1 2 27 90.6875 80.625 100.75
42 481.8544 4 0 1 43 28.5 17.4375 39.625 0 3 41 67.875 57.8125 78 1 1 42 19.8125 9.0625 30.5625 1 2 27 90.6875 80.625 100.75
43 492.7264 4 0 1 44 28.75 17.625 39.8125 0 3 41 67.8125 57.75 77.9375 1 1 42 19.8125 9.0625 30.5625 1 2 27 90.6875 80.625 100.75
44 503.1203 4 0 1 43 28.625 17.5625 39.75 0 3 41 67.8125 57.75 77.9375 1 1 42 19.8125 9.0625 30.5625 1 2 27 90.6875 80.625 100.75
45 514.4526 4 0 1 43 28.5625 17.5 39.6875 0 3 41 67.8125 57.75 77.9375 1 1 42 19.8125 9.0625 30.5625 1 2 27 90.6875 80.625 100.75
46 524.8406 4 0 1 43 28.5 17.4375 39.625 0 3 41 67.8125 57.75 77.9375 1 1 42 19.8125 9.0625 30.5625 1 2 27 90.6875 80.625 100.75
47 536.291 4 0 1 43 28.5 17.4375 39.625 0 3 41 68.0625 57.9375 78.125 1 1 42 19.8125 9.0625 30.5625 1 2 27 90.6875 80.625 100.75
48 546.7493 4 0 1 43 28.5 17.4375 39.625 0 3 41 67.9375 57.875 78.0625 1 1 42 19.8125 9.0625 30.5625 1 2 27 90.6875 80.625 100.75
49 557.4515 4 0 1 44 28.75 17.625 39.8125 0 3 42 67.875 57.8125 78 1 1 42 19.8125 9.0625 30.5625 1 2 27 90.6875 80.625 100.75
50 568.1495 4 0 1 43 28.625 17.5625 39.75 0 3 41 68.0625 57.9375 78.125 1 1 42 19.8125 9.0625 30.5625 1 2 27 90.6875 80.625 100.75
51 578.3591 4 0 1 44 28.75 17.6875 39.875 0 3 42 67.9375 57.875 78.0625 1 1 42 19.8125 9.0625 30.5625 1 2 27 90.6875 80.625 100.75
52 589.462 4 0 1 44 28.875 17.75 39.9375 0 3 42 67.875 57.75 77.9375 1 1 42 19.8125 9.0625 30.5625 1 2 27 90.6875 80.625 100.75
53 600.0111 4 0 1 44 28.875 17.75 39.9375 0 3 42 67.8125 57.75 77.9375 1 1 42 19.8125 9.0625 30.5625 1 2 27 90.6875 80.625 100.75
54 610.0134 4 0 1 44 28.875 17.75 39.9375 0 3 42 67.8125 57.75 77.9375 1 1 42 19.8125 9.0625 30.5625 1 2 27 90.6875 80.625 100.75
55 621.1871 4 0 1 44 28.875 17.75 39.9375 0 3 42 67.8125 57.75 77.9375 1 1 42 19.8125 9.0625 30.5625 1 2 27 90.6875 80.625 100.75
56 632.0062 4 0 1 43 28.625 17.5625 39.75 0 3 42 68.0625 57.9375 78.125 1 1 42 19.8125 9.0625 30.5625 1 2 27 90.6875 80.625 100.75
57 643.8666 4 0 1 44 28.75 17.625 39.8125 0 3 42 67.9375 57.875 78.0625 1 1 42 19.8125 9.0625 30.5625 1 2 27 90.6875 80.625 100.75
58 654.73 4 0 1 43 28.625 17.5 39.6875 0 3 42 67.875 57.8125 78 1 1 42 19.8125 9.0625 30.5625 1 2 27 90.6875 80.625 100.75
59 665.4595 4 0 1 43 28.75 17.625 39.8125 0 3 42 67.8125 57.75 77.9375 1 1 42 19.8125 9.0625 30.5625 1 2 27 90.6875 80.625 100.75
60 676.393 4 0 1 43 28.8125 17.75 39.9375 0 3 42 67.8125 57.75 77.9375 1 1 42 19.8125 9.0625 30.5625 1 2 27 90.6875 80.625 100.75
61 688.5456 4 0 1 43 28.875 17.75 39.9375 0 3 42 67.8125 57.75 77.9375 1 1 42 19.8125 9.0625 30.5625 1 2 27 90.6875 80.625 100.75
62 699.5037 4 0 1 43 28.875 17.75 39.9375 0 3 42 67.8125 57.75 77.9375 1 1 42 19.8125 9.0625 30.5625 1 2 27 90.6875 80.625 100.75
63 710.6276 4 0 1 43 28.875 17.75 39.9375 0 3 42 67.8125 57.75 77.9375 1 1 42 19.8125 9.0625 30.5625 1 2 27 90.6875 80.625 100.75
64 721.0148 4 0 1 43 28.625 17.5625 39.75 0 3 42 68.0625 57.9375 78.125 1 1 42 19.8125 9.0625 30.5625 1 2 27 90.6875 80.625 100.75
65 733.8831 4 0 1 43 28.5 17.4375 39.625 0 3 42 68 57.75 78.25 1 1 42 19.8125 9.0625 30.5625 1 2 27 90.6875 80.625 100.75
66 745.7365 4 0 1 43 28.5 17.4375 39.625 0 3 42 68.0625 57.5625 78.625 1 1 42 19.8125 9.0625 30.5625 1 2 27 90.6875 80.625 100.75
67 755.7594 4 0 1 44 28.6875 17.625 39.8125 0 3 42 67.9375 57.6875 78.25 1 1 42 19.8125 9.0625 30.5625 1 2 27 90.6875 80.625 100.75
68 766.8643 4 0 1 43 28.625 17.5625 39.75 0 3 42 68.0625 57.5 78.625 1 1 42 19.8125 9.0625 30.5625 1 2 27 90.6875 80.625 100.75
69 779.4464 4 0 1 43 28.5625 17.5 39.6875 0 3 42 68.125 57.5 78.8125 1 1 42 19.8125 9.0625 30.5625 1 2 27 90.6875 80.625 100.75
70 790.5801 4 0 1 43 28.5 17.4375 39.625 0 3 42 68.1875 57.5 78.9375 1 1 42 19.8125 9.0625 30.5625 1 2 27 90.6875 80.625 100.75
71 801.2314 4 0 1 43 28.5 17.4375 39.625 0 3 42 68.1875 57.4375 78.9375 1 1 42 19.8125 9.0625 30.5625 1 2 27 90.6875 80.625 100.75
72 811.5488 4 0 1 43 28.5 17.4375 39.625 0 3 41 68.1875 57.8125 78.5 1 1 42 19.8125 9.0625 30.5625 1 2 27 90.6875 80.625 100.75
73 822.3573 4 0 1 43 28.5 17.4375 39.625 0 3 41 68.1875 58 78.375 1 1 42 19.8125 9.0625 30.5625 1 2 27 90.6875 80.625 100.75
74 833.2545 4 0 1 43 28.5 17.4375 39.625 0 3 41 68.1875 58.0625 78.25 1 1 42 19.6875 8.9375 30.4375 1 2 27 90.6875 80.625 100.75
75 844.0622 4 0 1 43 28.5 17.4375 39.625 0 3 41 68.1875 58.0625 78.25 1 1 42 19.75 9 30.5 1 2 27 90.6875 80.625 100.75
76 854.8237 4 0 1 43 28.5 17.4375 39.625 0 3 41 68.1875 58.0625 78.25 1 1 42 19.5625 8.8125 30.3125 1 2 27 90.6875 80.625 100.75
77 863.9568 4 0 1 43 28.5 17.4375 39.625 0 3 41 68.1875 58.0625 78.25 1 1 42 19.5 8.75 30.25 1 2 27 90.6875 80.625 100.75
78 875.3143 4 0 1 43 28.5 17.4375 39.625 0 3 41 68.1875 58.0625 78.25 1 1 42 19.4375 8.6875 30.1875 1 2 27 90.6875 80.625 100.75
79 886.4836 4 0 1 43 28.5 17.4375 39.625 0 3 41 68.1875 58.0625 78.25 1 1 42 19.4375 8.6875 30.1875 1 2 27 90.6875 80.625 100.75
80 897.324 4 0 1 43 28.5 17.4375 39.625 0 3 41 68.1875 58.0625 78.25 1 1 42 19.4375 8.6875 30.1875 1 2 27 90.6875 80.625 100.75
81 907.3856 4 0 1 43 28.5 17.4375 39.625 0 3 41 68.1875 58.0625 78.25 1 1 42 19.4375 8.6875 30.1875 1 2 27 90.6875 80.625 100.75
82 918.3587 4 0 1 43 28.5 17.4375 39.625 0 3 41 68.1875 58.0625 78.25 1 1 42 19.6875 8.9375 30.4375 1 2 27 90.6875 80.625 100.75
83 928.9516 4 0 1 43 28.5 17.4375 39.625 0 3 41 68.1875 58.0625 78.25 1 1 42 19.8125 9.0625 30.5625 1 2 27 90.6875 80.625 100.75
84 939.9136 4 0 1 43 28.5 17.4375 39.625 0 3 41 68.1875 58.0625 78.25 1 1 42 19.625 8.875 30.375 1 2 27 90.6875 80.625 100.75
85 951.9158 4 0 1 43 28.5 17.4375 39.625 0 3 41 68.1875 58.0625 78.25 1 1 42 19.5 8.75 30.25 1 2 27 90.6875 80.625 100.75
86 962.8525 4 0 1 43 28.5 17.4375 39.625 0 3 41 68.1875 58.0625 78.25 1 1 42 19.4375 8.6875 30.1875 1 2 27 90.6875 80.625 100.75
87 974.5733 4 0 1 43 28.5 17.4375 39.625 0 3 41 68.1875 58.0625 78.25 1 1 42 19.4375 8.6875 30.1875 1 2 27 90.6875 80.625 100.75
88 986.176 4 0 1 43 28.5 17.4375 39.625 0 3 41 68.1875 58.0625 78.25 1 1 42 19.4375 8.6875 30.1875 1 2 27 90.6875 80.625 100.75
89 997.2347 4 0 1 43 28.5 17.4375 39.625 0 3 41 68.1875 58.0625 78.25 1 1 42 19.4375 8.6875 30.1875 1 2 27 90.6875 80.625 100.75
90 1007.2951 4 0 1 43 28.5 17.4375 39.625 0 3 42 68.1875 58.0625 78.25 1 1 42 19.4375 8.6875 30.1875 1 2 27 90.6875 80.625 100.75
91 1019.2475 4 0 1 43 28.5 17.4375 39.625 0 3 42 68.1875 58.0625 78.25 1 1 42 19.4375 8.6875 30.1875 1 2 27 90.6875 80.625 100.75
92 1029.8669 4 0 1 43 28.5 17.4375 39.625 0 3 42 68.1875 58.0625 78.25 1 1 42 19.4375 8.6875 30.1875 1 2 27 90.6875 80.625 100.75
93 1040.4393 4 0 1 43 28.5 17.4375 39.625 0 3 42 68.1875 58.0625 78.25 1 1 42 19.4375 8.6875 30.1875 1 2 27 90.6875 80.625 100.75
94 1050.0824 4 0 1 43 28.5 17.4375 39.625 0 3 42 68.1875 58.0625 78.25 1 1 42 19.4375 8.6875 30.1875 1 2 27 90.6875 80.625 100.75
95 1060.7614 4 0 1 43 28.75 17.625 39.8125 0 3 42 68.1875 58.0625 78.25 1 1 42 19.4375 8.6875 30.1875 1 2 27 90.6875 80.625 100.75
96 1072.325 4 0 1 43 28.875 17.75 39.9375 0 3 42 68.1875 58.0625 78.25 1 1 42 19.4375 8.6875 30.1875 1 2 27 90.6875 80.625 100.75
97 1083.2491 4 0 1 43 28.875 18.1875 39.5625 0 3 42 68.1875 58.0625 78.25 1 1 42 19.4375 8.6875 30.1875 1 2 27 90.6875 80.625 100.75
98 1094.3497 4 0 1 43 28.5625 17.5 39.5625 0 3 42 68.1875 58.0625 78.25 1 1 42 19.4375 8.6875 30.1875 1 2 27 90.6875 80.625 100.75
99 1105.682 4 0 1 43 28.5 17.4375 39.5625 0 3 42 68.1875 58.0625 78.25 1 1 42 19.4375 8.6875 30.1875 1 2 27 90.6875 80.625 100.75
100 1116.4711 4 0 1 43 28.6875 18.0625 39.375 0 3 42 68.1875 58.0625 78.25 1 1 42 19.4375 8.6875 30.1875 1 2 27 90.6875 80.625 100.75
101 1127.9127 4 0 1 43 28.625 17.6875 39.5625 0 3 42 68.1875 58.0625 78.25 1 1 42 19.4375 8.6875 30.1875 1 2 27 90.6875 80.625 100.75
102 1142.1962 4 0 1 43 28.5625 17.5625 39.5625 0 3 41 68.1875 58.0625 78.25 1 1 42 19.4375 8.6875 30.1875 1 2 27 90.6875 80.625 100.75
103 1157.6806 4 0 1 43 28.625 17.6875 39.5625 0 3 41 68.1875 58.0625 78.25 1 1 42 19.4375 8.6875 30.1875 1 2 27 90.6875 80.625 100.75
104 1171.516 4 0 1 43 28.5625 17.5625 39.5625 0 3 41 68.1875 58.0625 78.25 1 1 42 19.4375 8.6875 30.1875 1 2 27 90.6875 80.625 100.75
105 1184.8426 4 0 1 43 28.5 17.4375 39.625 0 3 41 68.1875 58.0625 78.25 1 1 42 19.4375 8.6875 30.1875 1 2 27 90.6875 80.625 100.75
106 1196.2511 4 0 1 43 28.5 17.4375 39.625 0 3 41 68.1875 58.0625 78.25 1 1 42 19.4375 8.6875 30.1875 1 2 27 90.6875 80.625 100.75
107 1207.3173 4 0 1 43 28.75 18.0625 39.375 0 3 42 68.1875 58.0625 78.25 1 1 42 19.4375 8.6875 30.1875 1 2 27 90.6875 80.625 100.75
108 1220.4856 4 0 1 43 28.875 17.875 39.75 0 3 42 68.1875 58.0625 78.25 1 1 42 19.4375 8.6875 30.1875 1 2 27 90.6875 80.625 100.75
109 1232.2427 4 0 1 43 28.875 18.25 39.5 0 3 42 68.1875 58.0625 78.25 1 1 42 19.4375 8.6875 30.1875 1 2 27 90.6875 80.625 100.75
110 1242.5842 4 0 1 43 28.6875 17.75 39.5625 0 3 42 68.1875 58.0625 78.25 1 1 42 19.4375 8.6875 30.1875 1 2 27 90.6875 80.625 100.75
111 1253.7526 4 0 1 43 28.5625 17.5625 39.5625 0 3 42 68.1875 58.0625 78.25 1 1 42 19.4375 8.6875 30.1875 1 2 27 90.6875 80.625 100.75
112 1265.7418 4 0 1 43 28.5 17.4375 39.5625 0 3 42 68.1875 58.0625 78.25 1 1 42 19.4375 8.6875 30.1875 1 2 27 90.6875 80.625 100.75
113 1276.7749 4 0 1 43 28.6875 18.0625 39.375 0 3 42 68.1875 58.0625 78.25 1 1 42 19.4375 8.6875 30.1875 1 2 27 90.6875 80.625 100.75
114 1287.9725 4 0 1 43 28.875 18.3125 39.3125 0 3 42 68.1875 58.0625 78.25 1 1 42 19.4375 8.6875 30.1875 1 2 27 90.6875 80.625 100.75
115 1298.5256 4 0 1 43 28.875 18.4375 39.3125 0 3 42 68.1875 58.0625 78.25 1 1 42 19.4375 8.6875 30.1875 1 2 27 90.6875 80.625 100.75
116 1309.7039 4 0 1 43 28.875 18.4375 39.3125 0 3 42 68.1875 58.0625 78.25 1 1 42 19.4375 8.6875 30.1875 1 2 27 90.6875 80.625 100.75
117 1321.2604 4 0 1 43 28.6875 17.8125 39.5 0 3 42 68.1875 58.0625 78.25 1 1 42 19.4375 8.6875 30.1875 1 2 27 90.6875 80.625 100.75
118 1332.9354 4 0 1 43 28.75 18.1875 39.3125 0 3 42 68.1875 58.0625 78.25 1 1 42 19.4375 8.6875 30.1875 1 2 27 90.6875 80.625 100.75
119 1344.9861 4 0 1 43 28.625 17.75 39.5 0 3 42 68.1875 58.0625 78.25 1 1 42 19.4375 8.6875 30.1875 1 2 27 90.6875 80.625 100.75
120 1355.8234 4 0 1 43 28.5 17.5 39.5625 0 3 42 68.1875 58.0625 78.25 1 1 42 19.4375 8.6875 30.1875 1 2 27 90.6875 80.625 100.75
121 1367.5276 4 0 1 43 28.5 17.4375 39.625 0 3 42 68.1875 58.0625 78.25 1 1 42 19.4375 8.6875 30.1875 1 2 27 90.6875 80.625 100.75
122 1378.9933 4 0 1 43 28.5 17.4375 39.625 0 3 42 68.1875 58.0625 78.25 1 1 42 19.4375 8.6875 30.1875 1 2 27 90.6875 80.625 100.75
123 1391.0693 4 0 1 43 28.5 17.4375 39.625 0 3 42 68.1875 58.0625 78.25 1 1 42 19.4375 8.6875 30.1875 1 2 27 90.6875 80.625 100.75
124 1403.1358 4 0 1 43 28.5 17.4375 39.625 0 3 42 68.1875 58.0625 78.25 1 1 42 19.4375 8.6875 30.1875 1 2 27 90.6875 80.625 100.75
125 1414.5933 4 0 1 43 28.5 17.4375 39.625 0 3 42 68.1875 58.0625 78.25 1 1 42 19.4375 8.6875 30.1875 1 2 27 90.6875 80.625 100.75
126 1426.3452 4 0 1 43 28.75 17.625 39.8125 0 3 42 68.1875 58.0625 78.25 1 1 42 19.4375 8.6875 30.1875 1 2 27 90.6875 80.625 100.75
127 1438.1701 4 0 1 43 28.5625 17.5 39.6875 0 3 42 68.1875 58.0625 78.25 1 1 42 19.4375 8.6875 30.1875 1 2 27 90.6875 80.625 100.75
128 1450.2679 4 0 1 43 28.5 17.4375 39.625 0 3 42 68.1875 58.0625 78.25 1 1 42 19.4375 8.6875 30.1875 1 2 27 90.6875 80.625 100.75
129 1461.3838 4 0 1 43 28.5 17.4375 39.625 0 3 42 68.1875 58.0625 78.25 1 1 42 19.4375 8.6875 30.1875 1 2 27 90.6875 80.625 100.75
130 1472.6845 4 0 1 43 28.75 18.0625 39.375 0 3 42 68.1875 58.0625 78.25 1 1 42 19.4375 8.6875 30.1875 1 2 27 90.6875 80.625 100.75
131 1485.7514 4 0 1 43 28.875 18.3125 39.3125 0 3 42 68.1875 58.0625 78.25 1 1 42 19.4375 8.6875 30.1875 1 2 27 90.6875 80.625 100.75
132 1502.8645 4 0 1 43 28.875 18.4375 39.3125 0 3 42 68.1875 58.0625 78.25 1 1 42 19.4375 8.6875 30.1875 1 2 27 90.6875 80.625 100.75
133 1515.3215 4 0 1 43 28.875 18.4375 39.25 0 3 42 68.1875 58.0625 78.25 1 1 42 19.4375 8.6875 30.1875 1 2 27 90.6875 80.625 100.75
134 1526.876 4 0 1 43 28.875 18.4375 39.25 0 3 42 68.1875 58.0625 78.25 1 1 42 19.4375 8.6875 30.1875 1 2 27 90.6875 80.625 100.75
135 1538.2036 4 0 1 43 28.875 18.4375 39.25 0 3 42 68.1875 58.0625 78.25 1 1 42 19.4375 8.6875 30.1875 1 2 27 90.6875 80.625 100.75
136 1550.0727 4 0 1 43 28.875 18.4375 39.25 0 3 42 68.1875 58.0625 78.25 1 1 42 19.4375 8.6875 30.1875 1 2 27 90.6875 80.625 100.75
137 1563.0101 4 0 1 43 28.875 18.4375 39.25 0 3 42 68.1875 58.0625 78.25 1 1 42 19.4375 8.6875 30.1875 1 2 27 90.6875 80.625 100.75
138 1576.7631 4 0 1 43 28.875 18.4375 39.25 0 3 42 68.1875 58.0625 78.25 1 1 42 19.4375 8.6875 30.1875 1 2 27 90.6875 80.625 100.75
139 1588.757 4 0 1 43 28.875 18.4375 39.25 0 3 42 68.1875 58.0625 78.25 1 1 42 19.4375 8.6875 30.1875 1 2 27 90.6875 80.625 100.75
140 1600.0131 4 0 1 43 28.875 18.4375 39.25 0 3 42 68.1875 58.0625 78.25 1 1 42 19.4375 8.6875 30.1875 1 2 27 90.6875 80.625 100.75
141 1611.7855 4 0 1 43 28.625 17.8125 39.5 0 3 42 68.1875 58.0625 78.25 1 1 42 19.4375 8.6875 30.1875 1 2 27 90.6875 80.625 100.75
142 1626.8763 4 0 1 43 28.75 18.1875 39.3125 0 3 42 68.1875 58.0625 78.25 1 1 42 19.4375 8.6875 30.1875 1 2 27 90.6875 80.625 100.75
143 1639.8176 4 0 1 43 28.875 18.4375 39.25 0 3 42 68.1875 58.0625 78.25 1 1 42 19.4375 8.6875 30.1875 1 2 27 90.6875 80.625 100.75
144 1651.3193 4 0 1 43 28.875 18.4375 39.25 0 3 42 68.1875 58.0625 78.25 1 1 42 19.4375 8.6875 30.1875 1 2 27 90.6875 80.625 100.75
145 1662.404 4 0 1 43 28.875 18.4375 39.25 0 3 42 68.1875 58.0625 78.25 1 1 42 19.4375 8.6875 30.1875 1 2 27 90.6875 80.625 100.75
146 1674.4532 4 0 1 43 28.875 18.4375 39.25 0 3 42 68.1875 58.0625 78.25 1 1 42 19.4375 8.6875 30.1875 1 2 27 90.6875 80.625 100.75
147 1684.1149 4 0 1 43 28.875 18.4375 39.25 0 3 42 68.1875 58.0625 78.25 1 1 42 19.4375 8.6875 30.1875 1 2 27 90.6875 80.625 100.75
148 1694.9802 4 0 1 43 28.875 18.4375 39.25 0 3 42 68.1875 58.0625 78.25 1 1 42 19.4375 8.6875 30.1875 1 2 27 90.6875 80.625 100.75
149 1707.764 4 0 1 43 28.875 18.4375 39.25 0 3 42 68.1875 58.0625 78.25 1 1 42 19.4375 8.6875 30.1875 1 2 27 90.6875 80.625 100.75
150 1721.1092 4 0 1 43 28.875 18.4375 39.25 0 3 42 68.1875 58.0625 78.25 1 1 42 19.4375 8.6875 30.1875 1 2 27 90.6875 80.625 100.75
151 1732.7249 4 0 1 43 28.875 18.4375 39.25 0 3 42 68.1875 58.0625 78.25 1 1 42 19.4375 8.6875 30.1875 1 2 27 90.6875 80.625 100.75
152 1743.3411 4 0 1 43 28.875 18.4375 39.25 0 3 42 68.1875 58.0625 78.25 1 1 42 19.4375 8.6875 30.1875 1 2 27 90.6875 80.625 100.75
153 1754.6039 4 0 1 43 28.875 18.4375 39.25 0 3 42 68.1875 58.0625 78.25 1 1 42 19.4375 8.6875 30.1875 1 2 27 90.6875 80.625 100.75
154 1766.7932 4 0 1 43 28.875 18.4375 39.25 0 3 42 68.1875 58.0625 78.25 1 1 42 19.4375 8.6875 30.1875 1 2 27 90.6875 80.625 100.75
155 1778.2657 4 0 1 43 28.875 18.4375 39.25 0 3 42 68.1875 58.0625 78.25 1 1 42 19.25 8.9375 29.5625 1 2 27 90.6875 80.625 100.75
156 1788.5203 4 0 1 43 28.875 18.4375 39.25 0 3 42 68.1875 58.0625 78.25 1 1 42 19.3125 8.75 29.9375 1 2 27 90.6875 80.625 100.75
157 1800.1845 4 0 1 43 28.875 18.4375 39.25 0 3 42 68.1875 58.0625 78.25 1 1 42 19.125 9 29.3125 1 2 27 90.6875 80.625 100.75
158 1813.0821 4 0 1 43 28.875 18.4375 39.25 0 3 42 68.1875 58.0625 78.25 1 1 42 19.125 9 29.1875 1 2 27 90.6875 80.625 100.75
159 1823.4634 4 0 1 43 28.875 18.4375 39.25 0 3 42 68.1875 58.0625 78.25 1 1 42 19.125 9.0625 29.1875 1 2 27 90.6875 80.625 100.75
160 1834.2801 4 0 1 43 28.875 18.4375 39.25 0 3 42 68.1875 58.0625 78.25 1 1 42 19.125 9.0625 29.1875 1 2 27 90.6875 80.625 100.75
161 1845.8891 4 0 1 43 28.625 18.25 39.0625 0 3 42 68.1875 58.0625 78.25 1 1 42 19.125 9.0625 29.1875 1 2 27 90.6875 80.625 100.75
162 1856.9498 4 0 1 43 28.75 18.3125 39.125 0 3 42 68.1875 58.0625 78.25 1 1 42 19.125 9.0625 29.1875 1 2 27 90.6875 80.625 100.75
163 1867.8207 4 0 1 43 28.625 18.1875 39 0 3 42 68.1875 58.0625 78.25 1 1 42 19.125 9.0625 29.1875 1 2 27 90.6875 80.625 100.75
164 1878.3745 4 0 1 43 28.5 18.125 38.9375 0 3 42 68.1875 58.0625 78.25 1 1 42 19.125 9.0625 29.1875 1 2 27 90.6875 80.625 100.75
165 1890.7454 4 0 1 43 28.8125 18.4375 39.25 0 3 42 68.1875 58.0625 78.25 1 1 42 19.125 9.0625 29.1875 1 2 27 90.6875 80.625 100.75
166 1901.782 4 0 1 43 28.875 18.4375 39.25 0 3 42 68.1875 58.0625 78.25 1 1 42 19.125 9.0625 29.1875 1 2 27 90.6875 80.625 100.75
167 1912.1073 4 0 1 43 28.875 18.4375 39.25 0 3 42 68.1875 58.0625 78.25 1 1 42 19.125 9.0625 29.1875 1 2 28 90.6875 80.625 100.75
168 1921.6576 4 0 1 43 28.875 18.4375 39.25 0 3 42 68.1875 58.0625 78.25 1 1 42 19.125 9.0625 29.1875 1 2 28 90.6875 80.625 100.75
169 1932.9201 4 0 1 43 28.875 18.4375 39.25 0 3 42 68.1875 58.0625 78.25 1 1 42 19.125 9.0625 29.1875 1 2 28 90.6875 80.625 100.75
170 1943.3499 4 0 1 43 28.875 18.4375 39.25 0 3 42 68.1875 58.0625 78.25 1 1 42 19.125 9.0625 29.1875 1 2 28 90.6875 80.625 100.75
171 1953.3835 4 0 1 43 28.875 18.4375 39.25 0 3 42 68.1875 58.0625 78.25 1 1 42 19.125 9.0625 29.1875 1 2 28 90.6875 80.625 100.75
172 1964.2555 4 0 1 43 28.875 18.4375 39.25 0 3 42 68.1875 58.0625 78.25 1 1 42 19.125 9.0625 29.1875 1 2 27 90.6875 80.625 100.75
173 1975.5953 4 0 1 43 28.875 18.4375 39.25 0 3 42 68.1875 58.0625 78.25 1 1 42 19.125 9.0625 29.1875 1 2 27 90.6875 80.625 100.75
174 1985.919 4 0 1 43 28.875 18.4375 39.25 0 3 42 68.1875 58.0625 78.25 1 1 42 19.125 9.0625 29.1875 1 2 27 90.6875 80.625 100.75
175 1999.1129 4 0 1 43 28.875 18.4375 39.25 0 3 42 68.1875 58.0625 78.25 1 1 42 19.125 9.0625 29.1875 1 2 27 90.6875 80.625 100.75
176 2010.3236 4 0 1 43 28.875 18.4375 39.25 0 3 42 68.1875 58.0625 78.25 1 1 42 19.125 9.0625 29.1875 1 2 27 90.6875 80.625 100.75
177 2022.0404 4 0 1 43 28.875 18.4375 39.25 0 3 42 68.1875 58.0625 78.25 1 1 42 19.125 9.0625 29.1875 1 2 27 90.6875 80.625 100.75
178 2034.8081 4 0 1 43 28.875 18.4375 39.25 0 3 42 68.1875 58.0625 78.25 1 1 42 19.125 9.0625 29.1875 1 2 27 90.6875 80.625 100.75
179 2047.8607 4 0 1 43 28.875 18.4375 39.25 0 3 42 68.1875 58.0625 78.25 1 1 42 19.125 9.0625 29.1875 1 2 27 90.6875 80.625 100.75
180 2059.7682 4 0 1 43 28.875 18.4375 39.25 0 3 42 68.1875 58.0625 78.25 1 1 42 19.125 9.0625 29.1875 1 2 27 90.6875 80.625 100.75
181 2071.0128 4 0 1 43 28.875 18.4375 39.25 0 3 42 68.1875 58.0625 78.25 1 1 42 19.125 9.0625 29.1875 1 2 27 90.6875 80.625 100.75
182 2082.6104 4 0 1 43 28.875 18.4375 39.25 0 3 42 68.1875 58.0625 78.25 1 1 42 19.125 9.0625 29.1875 1 2 27 90.6875 80.625 100.75
183 2096.6345 4 0 1 43 28.875 18.4375 39.25 0 3 42 68.1875 58.0625 78.25 1 1 42 19.125 9.0625 29.1875 1 2 27 90.6875 80.625 100.75
184 2108.3924 4 0 1 43 28.875 18.4375 39.25 0 3 42 68.1875 58.0625 78.25 1 1 42 19.125 9.0625 29.1875 1 2 27 90.6875 80.625 100.75
185 2118.9059 4 0 1 43 28.875 18.4375 39.25 0 3 42 68.1875 58.0625 78.25 1 1 42 19.125 9.0625 29.1875 1 2 27 90.6875 80.625 100.75
186 2130.2671 4 0 1 43 28.875 18.4375 39.25 0 3 42 68.1875 58.0625 78.25 1 1 42 19.125 9.0625 29.1875 1 2 27 90.6875 80.625 100.75
187 2141.0988 4 0 1 43 28.875 18.4375 39.25 0 3 42 68.1875 58.0625 78.25 1 1 42 19.125 9.0625 29.1875 1 2 27 90.6875 80.625 100.75
188 2152.0253 4 0 1 43 28.875 18.4375 39.25 0 3 42 68.1875 58.0625 78.25 1 1 42 19.125 9.0625 29.1875 1 2 27 90.6875 80.625 100.75
189 2162.7544 4 0 1 43 28.875 18.4375 39.25 0 3 42 68.1875 58.0625 78.25 1 1 42 19.125 9.0625 29.1875 1 2 27 90.6875 80.625 100.75
190 2172.8333 4 0 1 43 28.875 18.4375 39.25 0 3 42 68.1875 58.0625 78.25 1 1 42 19.125 9.0625 29.1875 1 2 27 90.6875 80.625 100.75
191 2183.4018 4 0 1 43 28.875 18.4375 39.25 0 3 42 68.1875 58.0625 78.25 1 1 42 19.125 9.0625 29.1875 1 2 27 90.6875 80.625 100.75
192 2195.7553 4 0 1 43 28.875 18.4375 39.25 0 3 42 68.1875 58.0625 78.25 1 1 42 19.125 9.0625 29.1875 1 2 27 90.6875 80.625 100.75
193 2206.7797 4 0 1 43 28.875 18.4375 39.25 0 3 42 68.1875 58.0625 78.25 1 1 42 19.125 9.0625 29.1875 1 2 27 90.6875 80.625 100.75
194 2217.7977 4 0 1 43 28.875 18.4375 39.25 0 3 42 68.1875 58.0625 78.25 1 1 42 19.125 9.0625 29.1875 1 2 28 90.6875 80.625 100.75
195 2229.9499 4 0 1 43 28.875 18.4375 39.25 0 3 42 68.1875 58.0625 78.25 1 1 42 19.125 9.0625 29.1875 1 2 28 90.6875 80.625 100.75
196 2241.7686 4 0 1 43 28.875 18.4375 39.25 0 3 42 68.1875 58.0625 78.25 1 1 42 19.125 9.0625 29.1875 1 2 28 90.6875 80.625 100.75
197 2252.4969 4 0 1 43 28.875 18.4375 39.25 0 3 42 68.1875 58.0625 78.25 1 1 42 19.125 9.0625 29.1875 1 2 28 90.6875 80.625 100.75
198 2266.5649 4 0 1 43 28.875 18.4375 39.25 0 3 42 68.1875 58.0625 78.25 1 1 42 19.125 9.0625 29.1875 1 2 28 90.6875 80.625 100.75
199 2279.2081 4 0 1 43 28.875 18.4375 39.25 0 3 42 68.1875 58.0625 78.25 1 1 42 19.125 9.0625 29.1875 1 2 28 90.6875 80.625 100.75
200 2290.9368 4 0 1 43 28.875 18.4375 39.25 0 3 42 68.1875 58.0625 78.25 1 1 42 19.125 9.0625 29.1875 1 2 28 90.6875 80.625 100.75
201 2302.2474 4 0 1 43 28.875 18.4375 39.25 0 3 42 68.1875 58.0625 78.25 1 1 42 19.125 9.0625 29.1875 1 2 28 90.6875 80.625 100.75
202 2316.0469 4 0 1 43 28.875 18.4375 39.25 0 3 42 68.1875 58.0625 78.25 1 1 42 19.125 9.0625 29.1875 1 2 28 90.6875 80.625 100.75
203 2326.7657 4 0 1 43 28.875 18.4375 39.25 0 3 42 68.1875 58.0625 78.25 1 1 42 19.125 9.0625 29.1875 1 2 28 90.6875 80.625 100.75
204 2337.8098 4 0 1 43 28.875 18.4375 39.25 0 3 42 68.1875 58.0625 78.25 1 1 42 19.125 9.0625 29.1875 1 2 28 90.6875 80.625 100.75
205 2349.5089 4 0 1 43 28.875 18.4375 39.25 0 3 42 68.1875 58.0625 78.25 1 1 42 19.125 9.0625 29.1875 1 2 28 90.6875 80.625 100.75
206 2359.6162 4 0 1 43 28.875 18.4375 39.25 0 3 42 68.1875 58.0625 78.25 1 1 42 19.125 9.0625 29.1875 1 2 28 90.6875 80.625 100.75
207 2373.4173 4 0 1 43 28.875 18.4375 39.25 0 3 42 68.1875 58.0625 78.25 1 1 42 19.125 9.0625 29.1875 1 2 28 90.6875 80.625 100.75
208 2384.1318 4 0 1 43 28.875 18.4375 39.25 0 3 42 68.1875 58.0625 78.25 1 1 42 19.125 9.0625 29.1875 1 2 28 90.6875 80.625 100.75
209 2395.6465 4 0 1 43 28.625 18.25 39.0625 0 3 42 68.1875 58.0625 78.25 1 1 42 19.125 9.0625 29.1875 1 2 28 90.6875 80.625 100.75
210 2408.3719 4 0 1 43 28.75 18.3125 39.125 0 3 42 68.1875 58.0625 78.25 1 1 42 19.125 9.0625 29.1875 1 2 28 90.6875 80.625 100.75
211 2419.5802 4 0 1 43 28.8125 18.375 39.1875 0 3 42 68.1875 58.0625 78.25 1 1 42 19.125 9.0625 29.1875 1 2 28 90.6875 80.625 100.75
212 2430.6472 4 0 1 43 28.875 18.4375 39.25 0 3 42 68.1875 58.0625 78.25 1 1 42 19.125 9.0625 29.1875 1 2 28 90.6875 80.625 100.75
213 2441.4036 4 0 1 43 28.625 18.25 39.0625 0 3 42 68.1875 58.0625 78.25 1 1 42 19.125 9.0625 29.1875 1 2 28 90.6875 80.625 100.75
214 2452.1177 4 0 1 43 28.75 18.3125 39.125 0 3 42 68.1875 58.0625 78.25 1 1 42 19.125 9.0625 29.1875 1 2 28 90.6875 80.625 100.75
215 2462.9167 4 0 1 43 28.75 18.3125 39.125 0 3 42 68.1875 58.0625 78.25 1 1 42 19.125 9.0625 29.1875 1 2 28 90.6875 80.625 100.75
216 2474.44 4 0 1 43 28.8125 18.4375 39.25 0 3 42 68.1875 58.0625 78.25 1 1 42 19.125 9.0625 29.1875 1 2 28 90.6875 80.625 100.75
217 2485.6634 4 0 1 43 28.875 18.4375 39.25 0 3 42 68.1875 58.0625 78.25 1 1 42 19.125 9.0625 29.1875 1 2 28 90.6875 80.625 100.75
218 2496.5026 4 0 1 43 28.875 18.4375 39.25 0 3 42 68.1875 58.0625 78.25 1 1 42 19.125 9.0625 29.1875 1 2 28 90.6875 80.625 100.75
219 2507.8049 4 0 1 43 28.875 18.4375 39.25 0 3 42 68.1875 58.0625 78.25 1 1 42 19.125 9.0625 29.1875 1 2 28 90.6875 80.625 100.75
220 2518.4487 4 0 1 43 28.875 18.4375 39.25 0 3 42 68.1875 58.0625 78.25 1 1 42 19.125 9.0625 29.1875 1 2 28 90.6875 80.625 100.75
221 2530.9657 4 0 1 43 28.875 18.4375 39.25 0 3 42 68.1875 58.0625 78.25 1 1 42 19.125 9.0625 29.1875 1 2 28 90.6875 80.625 100.75
222 2542.1835 4 0 1 43 28.875 18.4375 39.25 0 3 42 68.1875 58.0625 78.25 1 1 42 19.125 9.0625 29.1875 1 2 28 90.6875 80.625 100.75
223 2553.4278 4 0 1 43 28.875 18.4375 39.25 0 3 42 68.1875 58.0625 78.25 1 1 42 19.125 9.0625 29.1875 1 2 28 90.6875 80.625 100.75
224 2564.372 4 0 1 43 28.875 18.4375 39.25 0 3 42 68.1875 58.0625 78.25 1 1 42 19.125 9.0625 29.1875 1 2 28 90.6875 80.625 100.75
225 2574.0787 4 0 1 43 28.875 18.4375 39.25 0 3 42 68.1875 58.0625 78.25 1 1 42 19.125 9.0625 29.1875 1 2 28 90.6875 80.625 100.75
226 2584.8433 4 0 1 43 28.875 18.4375 39.25 0 3 42 68.1875 58.0625 78.25 1 1 42 19.125 9.0625 29.1875 1 2 28 90.6875 80.625 100.75
227 2595.983 4 0 1 43 28.875 18.4375 39.25 0 3 42 68.1875 58.0625 78.25 1 1 42 19.125 9.0625 29.1875 1 2 28 90.6875 80.625 100.75
228 2607.1921 4 0 1 43 28.875 18.4375 39.25 0 3 42 68.1875 58.0625 78.25 1 1 42 19.125 9.0625 29.1875 1 2 28 90.6875 80.625 100.75
229 2618.3977 4 0 1 43 28.875 18.4375 39.25 0 3 42 68.1875 58.0625 78.25 1 1 42 19.125 9.0625 29.1875 1 2 28 90.6875 80.625 100.75
230 2629.8958 4 0 1 43 28.875 18.4375 39.25 0 3 42 68.1875 58.0625 78.25 1 1 42 19.125 9.0625 29.1875 1 2 28 90.6875 80.625 100.75
231 2640.7702 4 0 1 43 28.875 18.4375 39.25 0 3 42 68.1875 58.0625 78.25 1 1 42 19.125 9.0625 29.1875 1 2 28 90.6875 80.625 100.75
232 2651.7614 4 0 1 43 28.875 18.4375 39.25 0 3 42 68.1875 58.0625 78.25 1 1 42 19.125 9.0625 29.1875 1 2 28 90.6875 80.625 100.75
233 2663.0613 4 0 1 43 28.875 18.4375 39.25 0 3 42 68.1875 58.0625 78.25 1 1 42 18.9375 8.8125 29 1 2 28 90.6875 80.625 100.75
234 2673.764 4 0 1 43 28.875 18.4375 39.25 0 3 42 68.1875 58.0625 78.25 1 1 42 19 8.9375 29.0625 1 2 28 90.6875 80.625 100.75
235 2683.8749 4 0 1 43 28.875 18.4375 39.25 0 3 42 68.1875 58.0625 78.25 1 1 42 19.0625 9 29.125 1 2 28 90.6875 80.625 100.75
236 2694.7311 4 0 1 43 28.875 18.4375 39.25 0 3 42 68.1875 58.0625 78.25 1 1 42 18.8125 8.75 28.875 1 2 28 90.6875 80.625 100.75
237 2704.3233 4 0 1 43 28.875 18.4375 39.25 0 3 42 68.1875 58.0625 78.25 1 1 42 18.8125 8.6875 28.875 1 2 28 90.6875 80.625 100.75
238 2717.4975 4 0 1 43 28.875 18.4375 39.25 0 3 42 68.1875 58.0625 78.25 1 1 42 18.8125 8.6875 28.875 1 2 28 90.6875 80.625 100.75
239 2729.1077 4 0 1 43 28.875 18.4375 39.25 0 3 42 68.1875 58.0625 78.25 1 1 42 19 8.9375 29.0625 1 2 28 90.6875 80.625 100.75
240 2740.9682 4 0 1 43 28.875 18.4375 39.25 0 3 42 68.1875 58.0625 78.25 1 1 42 18.9375 8.8125 29 1 2 28 90.6875 80.625 100.75
241 2751.6196 4 0 1 43 28.875 18.4375 39.25 0 3 42 68.1875 58.0625 78.25 1 1 42 18.875 8.75 28.9375 1 2 28 90.6875 80.625 100.75
242 2763.6739 4 0 1 43 28.875 18.4375 39.25 0 3 42 68.1875 58.0625 78.25 1 1 42 18.8125 8.6875 28.875 1 2 28 90.6875 80.625 100.75
243 2774.9256 4 0 1 43 28.875 18.4375 39.25 0 3 42 68.1875 58.0625 78.25 1 1 42 18.8125 8.6875 28.875 1 2 28 90.6875 80.625 100.75
244 2785.001 4 0 1 43 28.5 18.125 38.9375 0 3 42 68.1875 58.0625 78.25 1 1 42 18.8125 8.6875 28.875 1 2 28 90.6875 80.625 100.75
245 2795.8849 4 0 1 43 28.5 18.125 38.9375 0 3 42 68.1875 58.0625 78.25 1 1 42 18.8125 8.6875 28.875 1 2 28 90.6875 80.625 100.75
246 2806.976 4 0 1 43 28.5 18.125 38.9375 0 3 42 68.1875 58.0625 78.25 1 1 42 18.8125 8.6875 28.875 1 2 28 90.6875 80.625 100.75
247 2817.2163 4 0 1 43 28.5 18.125 38.9375 0 3 42 68.1875 58.0625 78.25 1 1 42 18.8125 8.6875 28.875 1 2 28 90.6875 80.625 100.75
248 2827.9115 4 0 1 43 28.5 18.125 38.9375 0 3 42 68.1875 58.0625 78.25 1 1 42 18.8125 8.6875 28.875 1 2 28 90.6875 80.625 100.75
249 2838.8905 4 0 1 43 28.5 18.125 38.9375 0 3 42 68.1875 58.0625 78.25 1 1 42 18.8125 8.6875 28.875 1 2 28 90.6875 80.625 100.75
250 2849.8458 4 0 1 43 28.5 18.125 38.9375 0 3 42 68.1875 58.0625 78.25 1 1 42 18.8125 8.6875 28.875 1 2 28 90.6875 80.625 100.75
251 2860.4348 4 0 1 43 28.5 18.125 38.9375 0 3 42 68.1875 58.0625 78.25 1 1 42 18.8125 8.6875 28.875 1 2 28 90.6875 80.625 100.75
252 2872.2186 4 0 1 43 28.5 18.125 38.9375 0 3 42 68.1875 58.0625 78.25 1 1 42 18.8125 8.6875 28.875 1 2 28 90.6875 80.625 100.75
253 2883.9512 4 0 1 43 28.5 18.125 38.9375 0 3 42 68.1875 58.0625 78.25 1 1 42 18.8125 8.6875 28.875 1 2 28 90.6875 80.625 100.75
254 2895.5721 4 0 1 43 28.5 18.125 38.9375 0 3 42 68.1875 58.0625 78.25 1 1 42 18.8125 8.6875 28.875 1 2 28 90.6875 80.625 100.75
255 2908.089 4 0 1 43 28.5 18.125 38.9375 0 3 42 68.1875 58.0625 78.25 1 1 42 18.8125 8.6875 28.875 1 2 28 90.6875 80.625 100.75
256 2919.6953 4 0 1 43 28.5 18.125 38.9375 0 3 41 68.1875 58.0625 78.25 1 1 42 18.8125 8.6875 28.875 1 2 28 90.6875 80.625 100.75
257 2931.5846 4 0 1 43 28.5 18.125 38.9375 0 3 41 68.1875 58.0625 78.25 1 1 42 18.8125 8.6875 28.875 1 2 28 90.6875 80.625 100.75
258 2942.8245 4 0 1 43 28.5 18.125 38.9375 0 3 41 68.1875 58.0625 78.25 1 1 42 18.8125 8.6875 28.875 1 2 28 90.6875 80.625 100.75
259 2954.5855 4 0 1 43 28.5 18.125 38.9375 0 3 41 68.1875 58.0625 78.25 1 1 42 18.8125 8.6875 28.875 1 2 28 90.6875 80.625 100.75
260 2967.5861 4 0 1 43 28.5 18.125 38.9375 0 3 41 68.1875 58.0625 78.25 1 1 42 18.8125 8.6875 28.875 1 2 28 90.6875 80.625 100.75
261 2979.0419 4 0 1 44 28.5 18.125 38.9375 0 3 41 68.375 58.6875 78.0625 1 1 42 18.8125 8.6875 28.875 1 2 28 90.6875 80.625 100.75
262 2990.8187 4 0 1 44 28.3125 17.875 38.75 0 3 41 68.5 59 78 1 1 42 18.8125 8.6875 28.875 1 2 28 90.6875 80.625 100.75
263 3002.2789 4 0 1 44 28.1875 17.75 38.625 0 3 41 68.5 59.125 78 1 1 42 18.8125 8.6875 28.875 1 2 28 90.6875 80.625 100.75
264 3014.2929 4 0 1 44 28.1875 17.75 38.625 0 3 41 68.5 59.125 78 1 1 42 18.8125 8.6875 28.875 1 2 28 90.6875 80.625 100.75
265 3024.39 4 0 1 44 28.1875 17.75 38.625 0 3 41 68.5 59.125 77.9375 1 1 42 18.8125 8.6875 28.875 1 2 28 90.6875 80.625 100.75
266 3035.8297 4 0 1 44 28.1875 17.75 38.625 0 3 41 68.5 59.125 77.9375 1 1 42 18.8125 8.6875 28.875 1 2 28 90.6875 80.625 100.75
267 3050.3485 4 0 1 44 28.1875 17.75 38.625 0 3 41 68.5 59.125 77.9375 1 1 42 18.8125 8.6875 28.875 1 2 28 90.6875 80.625 100.75
268 3061.6914 4 0 1 44 28.1875 17.75 38.625 0 3 41 68.5 59.125 77.9375 1 1 42 18.8125 8.6875 28.875 1 2 28 90.6875 80.625 100.75
269 3076.3977 4 0 1 44 28.1875 17.75 38.625 0 3 41 68.5 59.125 77.9375 1 1 42 18.8125 8.6875 28.875 1 2 28 90.6875 80.625 100.75
270 3087.7545 4 0 1 44 28.1875 17.75 38.625 0 3 41 68.5 59.125 77.9375 1 1 42 18.8125 8.6875 28.875 1 2 28 90.6875 80.625 100.75
271 3099.1851 4 0 1 44 28.1875 17.75 38.625 0 3 40 68.5 59.125 77.9375 1 1 42 18.8125 8.6875 28.875 1 2 28 90.6875 80.625 100.75
272 3112.3407 4 0 1 44 28.1875 17.75 38.625 0 3 40 68.5 59.125 77.9375 1 1 42 18.8125 8.6875 28.875 1 2 28 90.6875 80.625 100.75
273 3124.3358 4 0 1 44 28.1875 17.75 38.625 0 3 40 68.5 59.125 77.9375 1 1 42 18.8125 8.6875 28.875 1 2 28 90.6875 80.625 100.75
274 3135.2856 4 0 1 44 28.1875 17.75 38.625 0 3 40 68.5 59.125 77.9375 1 1 42 18.8125 8.6875 28.875 1 2 28 90.6875 80.625 100.75
275 3146.49 4 0 1 44 28.1875 17.75 38.625 0 3 40 68.5 59.125 77.9375 1 1 42 18.8125 8.6875 28.875 1 2 28 90.6875 80.625 100.75
276 3158.1274 4 0 1 44 28.1875 17.75 38.625 0 3 40 68.5 59.125 77.9375 1 1 42 18.8125 8.6875 28.875 1 2 28 90.6875 80.625 100.75
277 3171.1864 4 0 1 44 28.1875 17.75 38.625 0 3 40 68.5 59.125 77.9375 1 1 42 18.8125 8.6875 28.875 1 2 28 90.6875 80.625 100.75
278 3182.6423 4 0 1 44 28.1875 17.75 38.625 0 3 40 68.5 59.125 77.9375 1 1 42 18.8125 8.6875 28.875 1 2 28 90.6875 80.625 100.75
279 3195.9081 4 0 1 44 28 17.5625 38.375 0 3 40 68.5 59.125 77.9375 1 1 42 18.8125 8.6875 28.875 1 2 28 90.6875 80.625 100.75
280 3207.8589 4 0 1 44 27.875 17.4375 38.25 0 3 40 68.5 59.125 77.9375 1 1 42 18.8125 8.6875 28.875 1 2 28 90.6875 80.625 100.75
281 3220.5026 4 0 1 44 27.875 17.4375 38.25 0 3 39 68.5 59.125 77.9375 1 1 42 18.8125 8.6875 28.875 1 2 28 90.6875 80.625 100.75
282 3231.6439 4 0 1 44 27.875 17.4375 38.25 0 3 39 68.6875 59.3125 78.125 1 1 42 18.8125 8.6875 28.875 1 2 28 90.6875 80.625 100.75
283 3243.5363 4 0 1 44 27.875 17.4375 38.25 0 3 39 68.8125 59.4375 78.25 1 1 42 18.8125 8.6875 28.875 1 2 29 90.6875 80.625 100.75
284 3256.3884 4 0 1 44 27.875 17.4375 38.25 0 3 39 68.8125 59.4375 78.25 1 1 42 18.8125 8.6875 28.875 1 2 29 90.6875 80.625 100.75
285 3268.4629 4 0 1 44 27.875 17.4375 38.25 0 3 39 68.8125 59.4375 78.25 1 1 42 18.8125 8.6875 28.875 1 2 29 90.6875 80.625 100.75
286 3281.4373 4 0 1 44 27.875 17.4375 38.25 0 3 39 68.8125 59.4375 78.25 1 1 42 18.8125 8.6875 28.875 1 2 29 90.6875 80.625 100.75
287 3292.562 4 0 1 44 27.875 17.4375 38.25 0 3 38 68.8125 59.4375 78.25 1 1 42 18.8125 8.6875 28.875 1 2 29 90.6875 80.625 100.75
288 3306.1254 4 0 1 44 27.875 17.4375 38.25 0 3 38 68.8125 59.4375 78.25 1 1 42 18.8125 8.6875 28.875 1 2 29 90.6875 80.625 100.75
289 3317.7866 4 0 1 44 27.625 17.25 38.0625 0 3 38 68.8125 59.4375 78.25 1 1 41 18.8125 8.6875 28.875 1 2 29 90.6875 80.625 100.75
290 3329.8101 4 0 1 44 27.5 17.125 37.9375 0 3 38 69.0625 59.625 78.4375 1 1 42 18.8125 8.6875 28.875 1 2 29 90.6875 80.625 100.75
291 3340.8558 4 0 1 44 27.5 17.125 37.9375 0 3 37 69.1875 59.75 78.5625 1 1 41 18.8125 8.6875 28.875 1 2 29 90.6875 80.625 100.75
292 3352.2583 4 0 1 43 27.5 17.125 37.9375 0 3 37 69.1875 59.75 78.5625 1 1 41 18.8125 8.6875 28.875 1 2 29 90.6875 80.625 100.75
293 3365.5285 4 0 1 43 27.5 17.125 37.9375 0 3 36 69.1875 59.75 78.5625 1 1 41 18.8125 8.6875 28.875 1 2 29 90.6875 80.625 100.75
294 3377.5268 4 0 1 43 27.5 17.125 37.9375 0 3 36 69.375 59.75 79 1 1 41 18.8125 8.6875 28.875 1 2 29 90.6875 80.625 100.75
295 3390.9169 4 0 1 43 27.3125 16.875 37.75 0 3 35 69.75 60.1875 79.25 1 1 41 18.8125 8.6875 28.875 1 2 29 90.6875 80.625 100.75
296 3402.7 4 0 1 43 27.1875 16.75 37.625 0 3 35 69.875 60.1875 79.5 1 1 41 18.8125 8.6875 28.875 1 2 29 90.6875 80.625 100.75
297 3415.4858 4 0 1 43 27.1875 16.75 37.625 0 3 35 69.875 60.1875 79.5625 1 1 41 18.8125 8.6875 28.875 1 2 29 90.6875 80.625 100.75
298 3426.8331 4 0 1 43 27.1875 16.75 37.625 0 3 35 69.875 60.1875 79.5625 1 1 41 18.8125 8.6875 28.875 1 2 29 90.6875 80.625 100.75
299 3438.7789 4 0 1 43 27.1875 16.75 37.625 0 3 35 69.875 60.125 79.5625 1 1 41 18.8125 8.6875 28.875 1 2 29 90.6875 80.625 100.75
300 3450.3902 4 0 1 43 27.1875 16.75 37.625 0 3 35 69.875 60.125 79.5625 1 1 41 18.8125 8.6875 28.875 1 2 29 90.6875 80.625 100.75
301 3461.4446 4 0 1 44 27.1875 16.75 37.625 0 3 35 69.875 60.5 79.1875 1 1 41 18.8125 8.6875 28.875 1 2 29 90.6875 80.625 100.75
302 3474.4503 4 0 1 44 27.1875 16.75 37.625 0 3 35 69.875 60.625 79.0625 1 1 41 18.5625 9.125 28.0625 1 2 29 90.6875 80.625 100.75
303 3485.7625 4 0 1 44 27 16.5625 37.375 0 3 35 70.0625 60.5 79.5625 1 1 41 18.4375 9.25 27.6875 1 2 29 90.6875 80.625 100.75
304 3498.1614 4 0 1 44 26.875 16.4375 37.25 0 3 34 70.1875 60.5 79.8125 1 1 41 18.4375 9.3125 27.5625 1 2 29 90.6875 80.625 100.75
305 3509.7736 4 0 1 44 26.875 16.4375 37.25 0 3 34 70.1875 60.5 79.9375 1 1 41 18.4375 9.3125 27.5 1 2 29 90.6875 80.625 100.75
306 3521.5113 4 0 1 44 26.875 16.4375 37.25 0 3 34 70.1875 61.0625 79.375 1 1 41 18.4375 9.375 27.5 1 2 29 90.6875 80.625 100.75
307 3532.9004 4 0 1 44 26.875 16.4375 37.25 0 3 34 70.1875 61.0625 79.3125 1 1 41 18.4375 9.375 27.5 1 2 29 90.6875 80.625 100.75
308 3545.1789 4 0 1 44 26.875 16.4375 37.25 0 3 34 70.1875 61.125 79.25 1 1 41 18.4375 9.375 27.5 1 2 29 90.6875 80.625 100.75
309 3555.278 4 0 1 44 26.875 16 37.6875 0 3 34 70.1875 61.125 79.25 1 1 41 18.4375 9.375 27.5 1 2 29 90.6875 80.625 100.75
310 3566.992 4 0 1 44 26.875 15.875 37.8125 0 3 34 70.1875 61.125 79.25 1 1 41 18.4375 9.375 27.5 1 2 29 90.6875 80.625 100.75
311 3577.5403 4 0 1 44 26.875 15.8125 37.875 0 3 34 70.1875 61.125 79.25 1 1 41 18.4375 9.375 27.5 1 2 29 90.6875 80.625 100.75
312 3588.138 4 0 1 44 26.875 16.1875 37.5 0 3 34 70.1875 61.125 79.25 1 1 41 18.4375 9.375 27.5 1 2 29 90.6875 80.625 100.75
313 3599.3203 4 0 1 44 26.875 16.3125 37.375 0 3 34 70.1875 61.125 79.25 1 1 41 18.4375 9.375 27.5 1 2 29 90.6875 80.625 100.75
314 3609.1477 4 0 1 45 26.875 16.375 37.3125 0 3 34 70.1875 61.125 79.25 1 1 41 18.4375 9.375 27.5 1 2 29 90.6875 80.625 100.75
315 3620.2712 4 0 1 44 26.875 16.4375 37.25 0 3 35 70.1875 61.125 79.25 1 1 41 18.4375 9.375 27.5 1 2 29 90.6875 80.625 100.75
316 3631.0508 4 0 1 44 26.875 16.4375 37.25 0 3 35 70.1875 61.125 79.25 1 1 41 18.4375 9.375 27.5 1 2 29 90.6875 80.625 100.75
317 3642.65 4 0 1 44 26.875 16.4375 37.25 0 3 35 70.1875 61.125 79.25 1 1 41 18.4375 9.375 27.5 1 2 29 90.6875 80.625 100.75
318 3654.3893 4 0 1 44 26.875 16.4375 37.25 0 3 35 70.1875 61.125 79.25 1 1 41 18.4375 9.375 27.5 1 2 29 90.6875 80.625 100.75
319 3665.8128 4 0 1 44 26.875 16.4375 37.25 0 3 35 70.1875 61.125 79.25 1 1 41 18.4375 9.375 27.5 1 2 29 90.6875 80.625 100.75
320 3676.8711 4 0 1 44 26.875 16.4375 37.25 0 3 35 70.1875 61.125 79.25 1 1 41 18.4375 9.375 27.5 1 2 29 90.6875 80.625 100.75
321 3688.5401 4 0 1 44 26.875 16.4375 37.25 0 3 35 70.1875 61.125 79.25 1 1 41 18.4375 9.375 27.5 1 2 29 90.6875 80.625 100.75
322 3699.6415 4 0 1 44 26.875 16.4375 37.25 0 3 35 70.1875 61.125 79.25 1 1 41 18.4375 9.375 27.5 1 2 29 90.6875 80.625 100.75
323 3710.5163 4 0 1 44 26.875 16.4375 37.25 0 3 35 70.1875 61.125 79.25 1 1 41 18.4375 9.375 27.5 1 2 29 90.6875 80.625 100.75
324 3720.3141 4 0 1 44 27.0625 16.625 37.5 0 3 35 70.1875 61.125 79.25 1 1 41 18.4375 9.375 27.5 1 2 29 90.6875 80.625 100.75
325 3732.9803 4 0 1 44 27 16.5625 37.375 0 3 34 70.1875 61.125 79.25 1 1 41 18.4375 9.375 27.5 1 2 29 90.6875 80.625 100.75
326 3743.8709 4 0 1 44 26.9375 16.5 37.3125 0 3 34 70.1875 61.125 79.25 1 1 41 18.4375 9.375 27.5 1 2 29 90.6875 80.625 100.75
327 3755.1957 4 0 1 44 26.875 16.4375 37.25 0 3 34 70.1875 61.125 79.25 1 1 41 18.4375 9.375 27.5 1 2 30 90.6875 80.625 100.75
328 3766.4261 4 0 1 44 26.875 16.4375 37.25 0 3 34 70.1875 61.125 79.25 1 1 41 18.4375 9.375 27.5 1 2 30 90.6875 80.625 100.75
329 3777.1363 4 0 1 44 26.875 16.4375 37.25 0 3 33 70.1875 61.125 79.25 1 1 41 18.4375 9.375 27.5 1 2 30 90.6875 80.625 100.75
330 3788.1472 4 0 1 44 26.875 16.4375 37.25 0 3 33 70.1875 61.125 79.25 1 1 41 18.4375 9.375 27.5 1 2 30 90.6875 80.625 100.75
331 3799.0244 4 0 1 44 26.875 16.4375 37.25 0 3 32 70.375 61.3125 79.4375 1 1 41 18.4375 9.375 27.5 1 2 30 90.6875 80.625 100.75
332 3811.5804 4 0 1 44 26.875 16.4375 37.25 0 3 32 70.5 61.4375 79.5625 1 1 41 18.4375 9.375 27.5 1 2 30 90.6875 80.625 100.75
333 3822.6608 4 0 1 43 26.875 16.4375 37.25 0 3 31 70.75 61.6875 79.8125 1 1 40 18.4375 9.375 27.5 1 2 30 90.6875 80.625 100.75
334 3832.9758 4 0 1 43 26.625 16.25 37.0625 0 3 30 70.875 62.1875 79.5 1 1 40 18.4375 9.375 27.5 1 2 30 90.6875 80.625 100.75
335 3845.1067 4 0 1 43 26.5 15.75 37.375 0 3 29 71.0625 62.5625 79.5625 1 1 40 18.4375 9.375 27.5 1 2 30 90.4375 80.375 100.5625
336 3857.66 4 0 1 42 26.3125 15.3125 37.25 0 3 29 71.1875 62.75 79.625 1 1 40 18.4375 9.375 27.5 1 2 30 90.3125 80.25 100.4375
337 3867.8878 4 0 1 42 26.1875 15.125 37.1875 0 3 28 71.375 62.8125 80 1 1 40 18.25 9.1875 27.3125 1 2 30 90.3125 80.25 100.4375
338 3878.2272 4 0 1 42 26.1875 15.0625 37.1875 0 3 27 71.5 62.875 80.1875 1 1 39 18.125 9.0625 27.1875 1 2 30 90.3125 80.25 100.4375
339 3889.0811 4 0 1 42 26.1875 15.0625 37.25 0 3 26 71.75 63.0625 80.5 1 1 39 18.125 9.0625 27.1875 1 2 29 90.3125 80.25 100.4375
340 3899.9669 4 0 1 41 26.1875 15.0625 37.25 0 3 25 72.5 63.75 81.25 1 1 39 18.125 9.0625 27.1875 1 2 29 90.3125 80.25 100.4375
341 3911.5321 4 0 1 41 26.1875 15.0625 37.25 0 3 24 72.8125 64.125 81.5625 1 1 38 18.125 9.0625 27.1875 1 2 29 90.3125 80.25 100.4375
342 3921.2108 4 0 1 41 26.1875 14.875 37.5 0 3 24 72.9375 64.625 81.25 1 1 38 18.125 9.0625 27.1875 1 2 29 90.3125 80.25 100.4375
343 3933.6744 4 0 1 40 26.1875 14.75 37.625 0 3 24 72.9375 64.8125 81 1 1 37 18.125 9.0625 27.1875 1 2 30 90.3125 80.25 100.4375
344 3944.7612 4 0 1 40 26.1875 14.75 37.625 0 3 24 72.875 64.8125 80.9375 1 1 37 18.125 9.0625 27.1875 1 2 30 90.3125 80.25 100.4375
345 3956.2853 4 0 1 40 26.1875 14.75 37.625 0 3 24 72.875 64.8125 80.9375 1 1 37 17.875 8.8125 27 1 2 30 90.3125 80.25 100.4375
346 3970.1536 4 0 1 40 26.1875 14.75 37.625 0 3 24 72.875 64.8125 80.9375 1 1 37 17.75 8.6875 26.875 1 2 30 90.3125 80.25 100.4375
347 3981.3489 4 0 1 40 26.1875 14.75 37.625 0 3 24 72.875 65 80.75 1 1 36 17.75 8.6875 26.875 1 2 30 90.3125 80.25 100.4375
348 3994.3159 4 0 1 39 26.1875 14.75 37.625 0 3 24 72.875 64.875 80.875 1 1 36 17.75 8.6875 26.875 1 2 31 90.3125 80.25 100.4375
349 4006.2229 4 0 1 39 26.5 15.375 37.625 0 3 24 72.875 65 80.75 1 1 36 17.75 8.6875 26.875 1 2 31 90.125 80.0625 100.1875
350 4017.4407 4 0 1 39 26.5 15.4375 37.6875 0 3 24 73.0625 65.3125 80.875 1 1 35 17.75 8.6875 26.875 1 2 31 90 79.9375 100.0625
351 4028.8843 4 0 1 39 26.75 15.625 37.8125 0 3 24 73.1875 65.4375 80.9375 1 1 35 17.75 8.6875 26.875 1 2 31 90 79.9375 100.0625
352 4040.7535 4 0 1 39 26.875 15.75 37.9375 0 3 23 73.1875 65.5 80.9375 1 1 35 17.75 8.6875 26.875 1 2 31 90 79.9375 100.0625
353 4052.8753 4 0 1 38 27.0625 16 38.125 0 3 23 73.4375 65.6875 81.125 1 1 34 17.75 8.6875 26.875 1 2 31 90 79.9375 100.0625
354 4066.0278 4 0 1 37 27.375 16.3125 38.5 0 3 23 73.5625 65.8125 81.25 1 1 33 17.75 8.6875 26.875 1 2 31 90 79.9375 100.0625
355 4078.7872 4 0 1 37 27.5 16.4375 38.625 0 3 23 73.5625 65.8125 81.25 1 1 33 18 8.9375 27.0625 1 2 31 90 79.9375 100.0625
356 4090.7337 4 0 1 36 27.75 16.625 38.8125 0 3 24 73.5625 65.8125 81.25 1 1 32 18.125 9.0625 27.1875 1 2 31 90.1875 80.125 100.3125
357 4101.3294 4 0 1 35 27.875 16.75 38.9375 0 3 24 73.5625 65.8125 81.25 1 1 31 18.125 9.0625 27.1875 1 2 31 90.3125 80.25 100.4375
358 4111.3262 4 0 1 34 28.125 16.8125 39.375 0 3 24 73.5625 65.8125 81.25 1 1 30 18.125 9.0625 27.1875 1 2 31 90.3125 80.25 100.4375
359 4121.837 4 0 1 33 28.375 17.0625 39.75 0 3 25 73.5625 65.625 81.5 1 1 29 18.125 9.0625 27.1875 1 2 30 90.3125 80.25 100.4375
360 4133.1662 4 0 1 18 35.375 28.25 42.5 0 3 25 73.3125 65.5 81.1875 1 1 25 18.3125 9.4375 27.1875 1 2 30 90.6875 80.75 100.5625
361 4145.0957 4 0 1 15 36.5 30 43 0 3 25 73.1875 65.5 81 1 1 22 18.625 10.0625 27.1875 1 2 30 90.6875 80.6875 100.6875
362 4154.1826 4 0 1 12 36.6875 30.4375 42.875 0 3 26 72.8125 64.875 80.75 1 1 18 19 11.125 26.8125 1 2 30 90.875 80.875 100.9375
363 4165.8351 5 0 2 8 18.4375 12.3125 24.1875 0 1 9 36.5 30.375 42.6875 0 3 27 72.375 64.3125 80.375 1 1 14 19.9375 12.625 27.3125 1 2 29 91 80.9375 101.0625
364 4175.809 5 0 2 7 18.25 12.125 23.9375 0 1 6 36.8125 30.6875 42.875 0 3 27 72 63.9375 80 1 1 11 21.0625 13.875 28.1875 1 2 29 91.25 81.125 101.3125
365 4186.7813 5 0 2 6 18.125 12.0625 23.625 0 1 5 37.3125 31.4375 42.6875 0 3 27 71.8125 63.5625 80.0625 1 1 9 21.125 14 28.1875 1 2 29 91.375 81.25 101.4375
366 4197.5921 5 0 2 5 18.125 12.0625 23.5625 0 1 4 37.8125 32.25 42.875 0 3 27 71.8125 63.6875 79.9375 1 1 6 20.5625 13.5 27.625 1 2 28 91.625 81.5 101.625
367 4208.9426 5 0 2 4 17.5 11.625 22.6875 0 1 4 38.0625 32.4375 43.125 0 3 26 71.625 63.5 79.6875 1 1 5 20.6875 13.5625 27.75 1 2 28 91.875 82.25 101.5625
368 4219.541 5 0 2 1 17.1875 11.375 22.1875 0 1 4 38.1875 32.625 43.25 0 3 26 71.5 63.4375 79.5625 1 1 3 20.9375 13.875 28 1 2 27 92 82.125 101.9375
369 4229.8477 5 0 2 1 16.8125 11.3125 21.75 0 1 4 38.3125 32.75 43.375 0 3 26 71.3125 63.4375 79.1875 1 1 1 21.6875 15.875 28.75 1 2 27 92.0625 82.0625 102.125
370 4241.4326 5 0 2 1 16.5 11.375 21.4375 0 1 4 38.375 32.8125 43.4375 0 3 26 71.1875 63.375 79 1 1 1 22 16.1875 29.0625 1 2 27 92.25 82.1875 102.3125
371 4251.9209 5 0 2 1 16.375 11.4375 21.3125 0 1 4 38.4375 32.875 43.5 0 3 25 71.1875 63.375 78.9375 1 1 1 22.25 16.4375 29.3125 1 2 27 92.375 82.25 102.4375
372 4264.0179 5 0 2 1 16.375 11.5 21.25 0 1 4 38.4375 32.875 43.5 0 3 25 71.1875 63.4375 78.9375 1 1 1 22.375 16.5625 29.4375 1 2 26 92.5625 82.9375 102.25
373 4274.0333 5 0 2 1 16.4375 11.5625 21.3125 0 1 4 38.5 32.9375 43.5625 0 3 23 71.6875 63.875 79.5625 1 1 1 22.5 16.6875 29.5625 1 2 25 93.75 84.5 103
374 4284.6988 5 0 2 1 16.4375 11.5625 21.3125 0 1 4 38.5 32.9375 43.5625 0 3 23 71.875 63.875 79.875 1 1 1 22.5625 16.75 29.625 1 2 25 94.4375 85.75 103.1875
375 4295.9518 5 0 2 1 16.4375 11.5625 21.3125 0 1 4 38.5 32.9375 43.5625 0 3 23 71.9375 63.625 80.125 1 1 1 22.5625 16.8125 29.625 1 2 24 95.125 87.25 103.0625
376 4307.1775 5 0 2 1 16.4375 11.5625 21.3125 0 1 4 38.5 32.9375 43.5625 0 3 23 72.125 63.75 80.4375 1 1 1 22.625 16.8125 29.6875 1 2 24 95.875 88.25 103.4375
377 4317.3563 5 0 2 1 16.4375 11.25 21.3125 0 1 4 38.5 32.9375 43.5625 0 3 22 72.1875 63.8125 80.5625 1 1 1 22.625 16.8125 29.6875 1 2 23 96.125 88.875 103.375
378 4327.9804 5 0 2 1 16.4375 11.125 21.3125 0 1 4 38.5 32.9375 43.5625 0 3 21 72.1875 63.625 80.8125 1 1 1 22.625 16.8125 29.6875 1 2 23 96.1875 88.8125 103.5
379 4338.4095 5 0 2 1 16.4375 11.0625 21.4375 0 1 4 38.5 32.9375 43.5625 0 3 20 72.1875 62.9375 81.5 1 1 1 22.625 16.8125 29.6875 1 2 23 96.3125 88.9375 103.6875
380 4348.8409 5 0 2 2 16.4375 11.0625 21.5 0 3 16 69.75 62.25 77.25 1 1 1 22.625 16.8125 29.6875 1 2 23 96.375 89.1875 103.5625 0 1 0 0 0 0
381 4359.1974 4 0 2 3 16.4375 11.0625 21.5 0 3 16 68.4375 61.625 75.25 1 1 1 22.625 16.8125 29.6875 1 2 23 96.375 89.3125 103.5
382 4370.487 4 0 2 4 16.4375 11.0625 21.5 0 3 15 68 61.4375 74.5625 1 1 1 22.625 16.8125 29.6875 1 2 22 96.375 89.3125 103.5
383 4381.9307 4 0 2 5 16.4375 11.0625 21.6875 0 3 15 67.75 61.3125 74.1875 1 2 22 96.625 89.5625 103.625 1 1 0 0 0 0
384 4393.9242 4 0 2 5 16.625 11.0625 21.75 0 3 15 67.6875 61.3125 74.125 0 1 4 87 82.125 94.0625 1 2 21 96.9375 89.875 104
385 4408.1082 4 0 2 6 16.75 11.125 21.8125 0 3 15 67.3125 60.875 73.6875 0 1 3 86.75 81.875 92.625 1 2 18 97.8125 90.75 104.875
386 4419.6888 4 0 2 7 16.75 11.0625 21.8125 0 3 16 67.1875 60.75 73.5625 0 1 3 86.6875 81.8125 92.5 1 2 17 98.25 91.625 104.9375
387 4430.8644 4 0 2 8 16.75 11.0625 21.8125 0 3 16 66.75 59.9375 73.5625 0 1 3 86.625 81.75 92.5 1 2 15 99.4375 93.1875 105.75
388 4442.7935 5 0 2 8 16.75 11.0625 21.8125 0 3 15 66.125 59.125 73.0625 0 1 3 86.5625 81.6875 92.4375 1 1 9 20.875 13.875 27.9375 1 2 14 100.25 94.125 106.375
389 4454.5455 5 0 2 8 16.75 11.0625 21.8125 0 3 15 65.625 58.5625 72.625 0 1 3 86.5625 81.6875 92.375 1 1 10 20.8125 13.75 27.875 1 2 14 100.5625 94.4375 106.5625
390 4468.8763 5 0 2 9 16.75 11.0625 21.8125 0 3 15 65.0625 58 72.125 0 1 3 86.5625 81.6875 92.375 1 1 13 20.5625 13.5625 27.625 1 2 11 100.625 94.625 106.5625
391 4480.9602 5 0 2 9 16.75 11.0625 21.8125 0 3 16 64.6875 57.375 71.9375 0 1 3 86.5 81.625 92.375 1 1 15 20.0625 12.8125 27.3125 1 2 8 100.25 94.5 106.3125
392 4492.5625 5 0 2 8 16.75 11.0625 21.8125 0 3 17 64.25 56.5 72 0 1 3 86.5 81.625 92.375 1 1 17 19.625 12.0625 27.1875 1 2 1 100.9375 95.6875 106.25
393 4505.2488 5 0 2 7 16.75 11.0625 21.6875 0 3 17 63.6875 55.125 72.25 0 1 3 86.5 81.625 92.375 1 1 18 19.4375 11.375 27.5 1 2 1 101.125 95.875 106.4375
394 4516.411 5 0 2 7 16.75 11.0625 21.625 0 3 21 60.375 50.375 70.4375 0 1 3 86.5 81.625 92.375 1 1 21 18.9375 10.375 27.4375 1 2 1 101.375 96.125 106.6875
395 4527.9438 5 0 2 7 16.75 11.0625 21.625 0 3 22 58.5 47.6875 69.4375 0 1 3 86.5 81.625 92.375 1 1 23 18.5625 10.3125 26.8125 1 2 1 101.4375 96.1875 106.75
396 4538.9347 5 0 2 8 16.75 11.0625 21.75 0 3 23 57.625 46.0625 69.3125 0 1 3 86.5 81.625 92.375 1 1 24 18.4375 10.3125 26.5625 1 2 1 101.5 96.25 106.8125
397 4549.9085 5 0 2 9 16.375 10.875 21.625 0 3 24 57.25 44.75 69.8125 0 1 3 86.5 81.625 92.375 1 1 25 18.375 9.875 26.875 1 2 1 101.5 96.25 106.8125
398 4560.6949 5 0 2 9 16.1875 10.75 21.5 0 3 25 57.25 44.1875 70.3125 1 1 26 18.1875 9.5625 26.875 1 2 1 100.5 95.625 106.4375 0 1 0 0 0 0
399 4571.8002 4 0 2 10 15.875 10.5 21.1875 0 3 25 57.3125 44 70.625 1 1 27 18.125 9.4375 26.8125 1 2 3 98.3125 92.0625 104.9375
400 4583.0346 4 0 2 11 15.75 10.375 21.125 0 3 18 63.9375 54.875 73 1 1 28 18.125 9.375 26.8125 1 2 5 97.25 90.5 104.125
401 4595.2097 4 0 2 11 15.6875 10.3125 21.0625 0 3 18 67.6875 60.4375 74.9375 1 1 28 18.125 9.375 26.875 1 2 7 96.0625 89.125 103.0625
402 4606.8854 4 0 2 11 15.5 9.9375 21.125 0 3 18 69 62.5 75.5625 1 1 29 18.125 9.375 26.875 1 2 8 95.1875 88.1875 102.25
403 4618.1565 5 0 2 12 15.1875 9.5 20.875 0 1 12 45.6875 38.125 53.125 0 3 19 69.0625 63 75.1875 1 1 29 18.125 9.3125 26.9375 1 2 10 94.5625 87.5 101.625
404 4628.7632 5 0 2 12 14.875 9.1875 20.5625 0 1 12 45.6875 38.1875 53.0625 0 3 19 68.9375 62.9375 75.0625 1 1 30 18.125 9.1875 27.125 1 2 10 94.375 87.125 101.625
405 4641.8471 6 0 2 12 14.75 9.0625 20.4375 0 1 12 45.6875 38.25 53.0625 0 3 19 68.875 62.8125 74.9375 0 4 5 87 82.125 94 1 1 30 18.125 9.125 27.125 1 2 11 94.3125 87 101.6875
406 4653.5216 6 0 2 13 14.5 8.625 20.375 0 1 13 45.6875 38.25 53.0625 0 3 20 68.8125 62.8125 74.875 0 4 5 87 82.125 94.0625 1 1 30 18.125 9.0625 27.1875 1 2 11 94.125 86.75 101.5
407 4663.8781 6 0 2 13 14.4375 8.4375 20.375 0 1 13 45.6875 38.25 53.0625 0 3 20 69 63 75.0625 0 4 5 87 82.125 94.0625 1 1 30 18.125 9.0625 27.1875 1 2 11 94.0625 86.625 101.4375
408 4675.4275 6 0 2 13 14.4375 8.375 20.375 0 1 13 45.6875 38.25 53.0625 0 3 20 69.125 63.125 75.1875 0 4 6 87.1875 82.3125 94.25 1 1 30 18.125 9.0625 27.1875 1 2 12 94.0625 86.625 101.4375
409 4686.5079 6 0 2 13 14.4375 8.375 20.4375 0 1 13 45.6875 38.25 53.0625 0 3 20 69.1875 63.125 75.25 0 4 6 87.3125 82.4375 94.375 1 1 30 18.125 9.0625 27.1875 1 2 12 94.0625 86.625 101.4375
410 4697.7652 6 0 2 14 14.0625 8.0625 20.125 0 1 13 45.6875 38.25 53.0625 0 3 20 69.1875 63.125 75.25 0 4 7 87.625 82.75 94.6875 1 1 31 18.125 9.0625 27.1875 1 2 13 94.0625 86.25 101.875
411 4707.8587 6 0 2 14 14.0625 8.0625 20.125 0 1 13 45.6875 38.25 53.0625 0 3 20 69.1875 63.125 75.25 0 4 7 87.625 82.75 94.6875 1 1 31 18.3125 9.25 27.375 1 2 13 93.8125 86.3125 101.375
412 4720.1629 6 0 2 14 14.0625 8.0625 20.125 0 1 13 45.6875 38.25 53.0625 0 3 20 69.1875 63.125 75.25 0 4 7 87.625 82.6875 94.6875 1 1 31 18.4375 9.375 27.5 1 2 13 93.6875 86.25 101.125
413 4731.6397 6 0 2 14 14.0625 8.0625 20.125 0 1 13 45.4375 37.875 53.0625 0 3 20 69.1875 63.125 75.25 0 4 7 87.625 82.625 94.6875 1 1 31 18.25 9.1875 27.3125 1 2 13 93.6875 86.25 101.0625
414 4742.4217 6 0 2 15 14.0625 8.0625 20.125 0 1 13 45.3125 37.6875 53 0 3 20 69.1875 63.125 75.25 0 4 8 87.625 82.625 94.6875 1 1 32 18.375 9.3125 27.4375 1 2 13 93.6875 86.25 101.0625
415 4753.0865 6 0 2 15 14.0625 8.0625 20.125 0 1 14 45.3125 37.625 53 0 3 20 69.1875 63.125 75.25 0 4 8 87.625 82.375 94.6875 1 1 32 18.4375 9.375 27.5 1 2 14 93.6875 85.875 101.5
416 4765.5083 6 0 2 15 14.0625 8.0625 20.125 0 1 14 45.3125 37.8125 52.8125 0 3 21 69.1875 63.125 75.25 0 4 8 87.625 82.3125 94.6875 1 1 32 18.4375 9.375 27.5 1 2 14 93.6875 85.75 101.625
417 4776.3045 6 0 2 15 14.0625 8.0625 20.125 0 1 14 45.3125 37.875 52.75 0 3 21 69.375 63.5625 75.25 0 4 8 87.625 82.25 94.6875 1 1 32 18.4375 9.375 27.5 1 2 14 93.6875 85.6875 101.6875
418 4786.2555 6 0 2 15 14.0625 8.0625 20.125 0 1 14 45.3125 37.9375 52.6875 0 3 21 69.5 63.75 75.25 0 4 8 87.625 82.0625 94.6875 1 1 32 18.4375 9.375 27.5 1 2 14 93.6875 85.625 101.75
419 4796.9929 6 0 2 15 14.0625 8.0625 20.125 0 1 14 45.3125 37.9375 52.6875 0 3 21 69.5 63.8125 75.3125 0 4 8 87.625 81.8125 94.6875 1 1 32 18.4375 9.375 27.5 1 2 15 93.6875 85.625 101.75
420 4807.6612 6 0 2 15 14.0625 8.0625 20.125 0 1 14 45.3125 37.9375 52.6875 0 3 21 69.5 63.8125 75.25 0 4 8 87.625 81.6875 94.6875 1 1 32 18.4375 9.375 27.5 1 2 15 93.6875 85.625 101.75
421 4818.9276 6 0 2 15 14.0625 8.0625 20.125 0 1 15 45.125 37.9375 52.3125 0 3 21 69.75 64 75.4375 0 4 9 87.625 81.625 94.6875 1 1 32 18.4375 9.375 27.5 1 2 15 93.6875 85.375 102.0625
422 4830.4099 6 0 2 15 14.0625 8.0625 20.125 0 1 15 45 37.9375 52.125 0 3 21 69.875 64.125 75.5625 0 4 9 87.625 81.375 94.6875 1 1 32 18.4375 9.375 27.5 1 2 16 93.6875 85.3125 102.125
423 4841.3786 6 0 2 15 14.0625 8.0625 20.125 0 1 16 45 37.875 52.0625 0 3 21 69.875 64.125 75.5625 0 4 9 87.625 81.3125 94.6875 1 1 32 18.4375 9.375 27.5 1 2 16 93.6875 85.3125 102.125
424 4852.514 6 0 2 15 14.0625 8.0625 20.125 0 1 16 45 37.9375 52.0625 0 3 21 69.875 64.125 75.5625 0 4 9 87.625 81.25 94.6875 1 1 32 18.4375 9.375 27.5 1 2 16 93.6875 85.3125 102.125
425 4864.7017 6 0 2 15 14.0625 8.0625 20.125 0 1 16 45 37.9375 52.0625 0 3 21 69.875 64.125 75.5625 0 4 9 87.625 81.0625 94.6875 1 1 32 18.4375 9.375 27.5 1 2 16 93.6875 85.3125 102.125
426 4875.3814 6 0 2 15 14.0625 8.0625 20.125 0 1 16 45 37.9375 52.0625 0 3 21 69.875 64.125 75.5625 0 4 9 87.4375 81 94.5 1 1 33 18.4375 9.375 27.5 1 2 16 93.6875 85.3125 102.125
427 4886.8898 6 0 2 15 14.0625 8.0625 20.125 0 1 17 45 38.375 51.625 0 3 21 69.875 64.125 75.5625 0 4 9 87.3125 80.75 94.375 1 1 33 18.4375 9.375 27.5 1 2 17 93.6875 85.3125 102.125
428 4898.1731 6 0 2 15 14.0625 8.0625 20.125 0 1 17 44.75 38.3125 51.3125 0 3 21 69.875 64.125 75.5625 0 4 10 87.3125 80.625 94.375 1 1 33 18.4375 9.375 27.5 1 2 17 93.6875 85.3125 102.125
429 4909.9061 6 0 2 15 14.0625 8.0625 20.125 0 1 17 44.625 38.1875 51.0625 0 3 29 75.375 65.3125 85.1875 1 1 33 18.4375 9.375 27.5 1 2 17 93.6875 84.75 102.625 0 4 0 0 0 0
430 4922.054 5 0 2 16 14.0625 8.0625 20.125 0 1 18 44.625 38.25 51.0625 0 3 29 76.125 65.6875 86.5 1 1 33 18.4375 9.375 27.5 1 2 18 93.6875 85.0625 102.3125
431 4935.5085 5 0 2 16 14.0625 8.0625 20.125 0 1 18 44.625 38.25 51.0625 0 3 29 76.1875 65.5625 86.8125 1 1 33 18.4375 9.375 27.5 1 2 18 93.6875 85.25 102.1875
432 4947.2549 5 0 2 16 14.0625 8.0625 20.125 0 1 18 44.625 38.25 51.0625 0 3 29 76.0625 65.375 86.75 1 1 33 18.4375 9.375 27.5 1 2 18 93.6875 85.25 102.1875
433 4959.0305 5 0 2 16 14.0625 8.0625 20.125 0 1 19 44.625 38.25 51.0625 0 3 29 75.9375 65.25 86.6875 1 1 33 18.4375 9.375 27.5 1 2 18 93.6875 84.875 102.5
434 4969.0459 5 0 2 16 14.0625 8.0625 20.125 0 1 19 44.3125 37.6875 51.0625 0 3 30 75.875 65.125 86.625 1 1 34 18.4375 9.375 27.5 1 2 19 93.6875 84.6875 102.6875
435 4980.812 5 0 2 16 14.0625 8.0625 20.125 0 1 19 44.3125 37.625 51 0 3 30 75.875 65.125 86.625 1 1 34 18.4375 9.375 27.5 1 2 19 93.6875 84.625 102.75
436 4990.9877 5 0 2 16 14.0625 8.0625 20.125 0 1 20 44.3125 37.625 51.0625 0 3 30 75.875 65.125 86.625 1 1 34 18.4375 9.375 27.5 1 2 19 93.6875 84.625 102.75
437 5002.691 5 0 2 16 14.0625 8.0625 20.125 0 1 20 44.3125 37.625 51.0625 0 3 30 75.875 65.125 86.625 1 1 34 18.4375 9.375 27.5 1 2 19 93.6875 84.625 102.75
438 5014.7935 5 0 2 16 14.0625 8.0625 20.125 0 1 20 44.3125 37.625 51.0625 0 3 30 75.875 65.125 86.625 1 1 34 18.4375 9.375 27.5 1 2 19 93.6875 84.625 102.75
439 5025.93 5 0 2 16 14.0625 8.0625 20.125 0 1 20 44.3125 37.625 51.0625 0 3 30 76.125 65.5625 86.625 1 1 34 18.4375 9.375 27.5 1 2 20 93.6875 84.625 102.75
440 5037.9634 5 0 2 16 14.0625 8.0625 20.125 0 1 20 44.3125 37.625 51.0625 0 3 30 76.25 65.75 86.6875 1 1 34 18.4375 9.375 27.5 1 2 20 93.6875 84.625 102.75
441 5048.8713 5 0 2 16 14.0625 8.0625 20.125 0 1 21 44.3125 37.625 51.0625 0 3 31 76.25 65.625 86.875 1 1 34 18.4375 9.375 27.5 1 2 20 93.6875 84.625 102.75
442 5060.1973 5 0 2 16 14.0625 8.0625 20.125 0 1 21 44.3125 37.625 51.0625 0 3 31 76.25 65.75 86.75 1 1 34 18.4375 9.375 27.5 1 2 20 93.6875 84.625 102.75
443 5071.8489 5 0 2 16 14.0625 8.0625 20.125 0 1 21 44.3125 37.625 51.0625 0 3 31 76.25 65.75 86.6875 1 1 34 18.4375 9.375 27.5 1 2 20 93.6875 84.625 102.75
444 5082.8137 5 0 2 16 14.0625 8.0625 20.125 0 1 21 44.3125 37.625 51.0625 0 3 31 76.25 65.625 86.875 1 1 34 18.4375 9.375 27.5 1 2 20 93.6875 84.625 102.75
445 5093.092 5 0 2 16 14.0625 8.0625 20.125 0 1 21 44.3125 37.625 51.0625 0 3 31 76.25 65.5625 86.9375 1 1 34 18.4375 9.375 27.5 1 2 20 93.6875 84.625 102.75
446 5103.2471 5 0 2 16 14.0625 8.0625 20.125 0 1 22 44.125 37.375 50.8125 0 3 31 76.25 65.6875 86.75 1 1 34 18.4375 9.375 27.5 1 2 20 93.6875 84.625 102.75
447 5113.7954 5 0 2 16 14.0625 8.0625 20.125 0 1 22 44 37.25 50.6875 0 3 31 76.25 65.75 86.6875 1 1 34 18.4375 9.375 27.5 1 2 20 93.6875 84.625 102.75
448 5123.4062 5 0 2 16 14.0625 8.0625 20.125 0 1 22 44 37.25 50.6875 0 3 31 76.25 65.8125 86.625 1 1 34 18.4375 9.375 27.5 1 2 20 93.6875 84.625 102.75
449 5134.4195 5 0 2 16 14.0625 8.0625 20.125 0 1 22 44 37.25 50.6875 0 3 31 76.25 65.8125 86.625 1 1 34 18.4375 9.375 27.5 1 2 20 93.6875 84.625 102.75
450 5145.1912 5 0 2 17 14.0625 8.0625 20.125 0 1 22 44 37.25 50.6875 0 3 31 76.25 65.8125 86.625 1 1 35 18.4375 9.375 27.5 1 2 20 93.6875 84.625 102.75
451 5156.3175 5 0 2 17 14.0625 8.0625 20.125 0 1 23 44 37.25 50.6875 0 3 31 76.25 65.8125 86.625 1 1 35 18.4375 9.375 27.5 1 2 21 93.6875 84.625 102.75
452 5166.3277 5 0 2 17 14.0625 8.0625 20.125 0 1 23 44 37.6875 50.25 0 3 31 76.25 65.8125 86.625 1 1 35 18.4375 9.375 27.5 1 2 21 93.6875 84.625 102.75
453 5176.3115 5 0 2 17 14.3125 8.25 20.3125 0 1 23 44 37.8125 50.125 0 3 31 76.25 65.8125 86.625 1 1 35 18.4375 9.375 27.5 1 2 21 93.6875 84.625 102.75
454 5187.1622 5 0 2 17 14.1875 8.1875 20.25 0 1 23 44 37.875 50.0625 0 3 31 76.25 65.8125 86.625 1 1 35 18.4375 9.375 27.5 1 2 21 93.6875 84.625 102.75
455 5197.4768 5 0 2 17 14.125 8.125 20.1875 0 1 23 44 37.9375 50 0 3 31 76.25 65.8125 86.625 1 1 35 18.4375 9.375 27.5 1 2 21 93.6875 84.625 102.75
456 5207.8274 5 0 2 17 14.3125 8.25 20.3125 0 1 23 44 37.9375 50 0 3 31 76.25 65.8125 86.625 1 1 35 18.4375 9.375 27.5 1 2 21 93.6875 84.625 102.75
457 5218.1716 5 0 2 17 14.375 8.375 20.4375 0 1 23 44 37.9375 50 0 3 31 76.25 65.8125 86.625 1 1 35 18.4375 9.375 27.5 1 2 21 93.6875 84.625 102.75
458 5229.6977 5 0 2 17 14.4375 8.375 20.4375 0 1 24 44 37.9375 50 0 3 31 76.25 65.8125 86.625 1 1 35 18.4375 9.375 27.5 1 2 21 93.6875 84.625 102.75
459 5238.8458 5 0 2 17 14.4375 8.375 20.4375 0 1 24 44 37.9375 50 0 3 31 76.25 65.8125 86.625 1 1 35 18.4375 9.375 27.5 1 2 21 93.6875 84.625 102.75
460 5249.957 5 0 2 17 14.4375 8.375 20.4375 0 1 24 44 37.9375 50 0 3 31 76.25 65.8125 86.625 1 1 35 18.4375 9.375 27.5 1 2 21 93.6875 84.625 102.75
461 5260.3348 5 0 2 17 14.4375 8.375 20.4375 0 1 24 44 37.9375 50 0 3 31 76.25 65.8125 86.625 1 1 35 18.4375 9.375 27.5 1 2 21 93.6875 84.625 102.75
462 5270.5791 5 0 2 17 14.4375 8.375 20.4375 0 1 24 43.75 37.75 49.8125 0 3 31 76.25 65.8125 86.625 1 1 35 18.6875 9.1875 28.125 1 2 21 93.6875 84.625 102.75
463 5281.6576 5 0 2 17 14.4375 8.375 20.4375 0 1 24 43.625 37.625 49.6875 0 3 31 76.25 65.8125 86.625 1 1 35 18.5625 9.3125 27.75 1 2 21 93.6875 84.625 102.75
464 5294.7849 5 0 2 17 14.4375 8.375 20.4375 0 1 24 43.625 37.625 49.6875 0 3 31 76.25 65.8125 86.625 1 1 35 18.6875 9.1875 28.1875 1 2 21 93.6875 84.625 102.75
465 5305.8941 5 0 2 17 14.4375 8.375 20.4375 0 1 24 43.625 37.625 49.6875 0 3 31 76.25 65.8125 86.625 1 1 35 18.8125 9.125 28.4375 1 2 21 93.5 84.4375 102.5625
466 5317.065 5 0 2 17 14.4375 8.375 20.4375 0 1 24 43.625 37.625 49.6875 0 3 31 76.25 65.8125 86.625 1 1 35 18.8125 9.125 28.5 1 2 21 93.375 84.3125 102.4375
467 5329.0829 5 0 2 17 14.4375 8.375 20.4375 0 1 24 43.625 37.625 49.6875 0 3 31 76.25 65.8125 86.625 1 1 35 18.8125 9.0625 28.5 1 2 21 93.375 84.3125 102.4375
468 5340.885 5 0 2 17 14.4375 8.375 20.4375 0 1 25 43.625 37.625 49.6875 0 3 31 76.25 65.8125 86.625 1 1 35 18.8125 9.0625 28.5 1 2 21 93.375 84.3125 102.4375
469 5352.2572 5 0 2 17 14.4375 8.375 20.4375 0 1 25 43.625 37.625 49.6875 0 3 31 76.25 65.8125 86.625 1 1 35 18.8125 9.0625 28.5 1 2 21 93.375 84.3125 102.4375
470 5366.5726 5 0 2 17 14.4375 8.375 20.4375 0 1 25 43.625 37.1875 50.125 0 3 31 76.25 65.8125 86.625 1 1 35 18.8125 9.0625 28.5 1 2 21 93.375 84.3125 102.4375
471 5378.0956 5 0 2 17 14.4375 8.375 20.4375 0 1 25 43.625 37.0625 50.25 0 3 31 76.25 65.8125 86.625 1 1 35 18.8125 9.0625 28.5 1 2 21 93.375 84.3125 102.4375
472 5391.063 5 0 2 17 14.4375 8.375 20.4375 0 1 25 43.625 37.375 49.9375 0 3 31 76.25 65.8125 86.625 1 1 35 18.8125 9.0625 28.5 1 2 21 93.375 84.3125 102.4375
473 5402.8094 5 0 2 17 14.4375 8.375 20.4375 0 1 25 43.625 37.5625 49.75 0 3 31 76.25 65.8125 86.625 1 1 35 18.8125 9.0625 28.5 1 2 21 93.375 84.3125 102.4375
474 5414.0276 5 0 2 17 14.4375 8.375 20.4375 0 1 25 43.625 37.625 49.6875 0 3 31 76.25 65.8125 86.625 1 1 36 18.8125 9.0625 28.5 1 2 21 93.375 84.3125 102.4375
475 5424.611 5 0 2 17 14.4375 8.375 20.4375 0 1 25 43.625 37.625 49.6875 0 3 31 76.25 65.8125 86.625 1 1 36 18.8125 9.0625 28.5 1 2 22 93.375 84.3125 102.4375
476 5434.8613 5 0 2 17 14.4375 8.375 20.4375 0 1 25 43.625 37.625 49.6875 0 3 31 76.25 65.8125 86.625 1 1 36 18.8125 9.0625 28.5 1 2 22 93.375 84.3125 102.4375
477 5446.3941 5 0 2 17 14.4375 8.375 20.4375 0 1 25 43.625 37.625 49.6875 0 3 31 76.25 65.8125 86.625 1 1 36 18.8125 9.0625 28.5 1 2 22 93.375 84.3125 102.4375
478 5457.5922 5 0 2 17 14.4375 8.375 20.4375 0 1 25 43.625 37.625 49.6875 0 3 31 76.25 65.8125 86.625 1 1 36 18.8125 9.0625 28.5 1 2 22 93.375 84.3125 102.4375
479 5469.3808 5 0 2 17 14.4375 8.375 20.4375 0 1 26 43.625 37.625 49.6875 0 3 31 76.25 65.8125 86.625 1 1 36 18.8125 9.0625 28.5 1 2 22 93.375 84.3125 102.4375
480 5480.4423 5 0 2 17 14.4375 8.375 20.4375 0 1 26 43.625 37.625 49.6875 0 3 31 76.25 65.8125 86.625 1 1 36 18.8125 9.0625 28.5 1 2 22 93.375 84.3125 102.4375
481 5492.0229 5 0 2 17 14.4375 8.375 20.4375 0 1 26 43.625 37.625 49.6875 0 3 31 76.25 65.8125 86.625 1 1 36 18.8125 9.0625 28.5 1 2 22 93.375 84.3125 102.4375
482 5501.7414 5 0 2 17 14.4375 8.375 20.4375 0 1 26 43.625 37.625 49.6875 0 3 31 76.25 65.8125 86.625 1 1 36 18.8125 9.0625 28.5 1 2 22 93.375 84.3125 102.4375
483 5513.7559 5 0 2 17 14.4375 8.375 20.4375 0 1 26 43.625 37.625 49.6875 0 3 31 76.25 65.8125 86.625 1 1 36 18.8125 9.0625 28.5 1 2 22 93.375 84.3125 102.4375
484 5525.3909 5 0 2 17 14.4375 8.375 20.4375 0 1 26 43.625 37.625 49.6875 0 3 31 76.25 65.8125 86.625 1 1 36 18.8125 9.0625 28.5 1 2 22 93.375 84.3125 102.4375
485 5537.1176 5 0 2 17 14.4375 8.375 20.4375 0 1 26 43.4375 37.1875 49.6875 0 3 31 76.4375 66 86.875 1 1 36 18.8125 9.0625 28.5 1 2 22 93.375 84.3125 102.4375
486 5547.9971 5 0 2 17 14.4375 8.375 20.4375 0 1 26 43.5 37.4375 49.6875 0 3 31 76.375 65.9375 86.75 1 1 36 18.8125 9.0625 28.5 1 2 22 93.375 84.3125 102.4375
487 5559.3937 5 0 2 17 14.4375 8.375 20.4375 0 1 26 43.375 37.125 49.6875 0 3 31 76.5 66.0625 86.875 1 1 36 18.8125 9.0625 28.5 1 2 22 93.375 84.3125 102.4375
488 5570.8824 5 0 2 17 14.4375 8.375 20.4375 0 1 26 43.3125 37 49.6875 0 3 31 76.5625 66.125 87 1 1 36 18.8125 9.0625 28.5 1 2 22 93.375 84.3125 102.4375
489 5582.009 5 0 2 17 14.4375 8.375 20.4375 0 1 26 43.3125 36.9375 49.6875 0 3 31 76.5625 66.125 87 1 1 36 18.8125 9.0625 28.5 1 2 22 93.375 84.3125 102.4375
490 5593.3788 5 0 2 17 14.4375 8.375 20.4375 0 1 26 43.3125 36.9375 49.6875 0 3 31 76.5625 66.125 87 1 1 36 18.8125 9.0625 28.5 1 2 22 93.375 84.3125 102.4375
491 5605.0348 5 0 2 17 14.4375 8.375 20.4375 0 1 26 43.3125 36.9375 49.6875 0 3 31 76.5625 66.125 87 1 1 36 18.8125 9.0625 28.5 1 2 22 93.375 84.3125 102.4375
492 5617.0133 5 0 2 17 14.4375 8.375 20.4375 0 1 26 43.3125 36.9375 49.6875 0 3 32 76.5625 66.125 87 1 1 36 18.8125 9.0625 28.5 1 2 22 93.375 84.3125 102.4375
493 5628.5587 5 0 2 17 14.4375 8.375 20.4375 0 1 26 43.3125 36.9375 49.6875 0 3 32 76.5625 66.125 87 1 1 37 18.8125 9.0625 28.5 1 2 22 93.375 84.3125 102.4375
494 5639.9767 5 0 2 17 14.4375 8.375 20.4375 0 1 26 43.3125 36.9375 49.6875 0 3 32 76.5625 66.125 87 1 1 37 18.8125 9.0625 28.5 1 2 22 93.375 84.3125 102.4375
495 5651.2549 5 0 2 17 14.4375 8.375 20.4375 0 1 27 43.3125 36.9375 49.6875 0 3 32 76.5625 66.125 87 1 1 37 18.8125 9.0625 28.5 1 2 22 93.375 84.3125 102.4375
496 5662.2351 5 0 2 18 14.4375 8.375 20.4375 0 1 27 43.3125 36.9375 49.6875 0 3 32 76.5625 66.125 87 1 1 37 18.8125 9.0625 28.5 1 2 22 93.375 84.3125 102.4375
497 5672.6215 5 0 2 17 14.4375 8.375 20.4375 0 1 27 43.3125 36.9375 49.6875 0 3 32 76.5625 66.125 87 1 1 37 18.8125 9.0625 28.5 1 2 22 93.375 84.3125 102.4375
498 5683.1248 5 0 2 18 14.625 8.8125 20.4375 0 1 27 43.3125 36.9375 49.6875 0 3 32 76.5625 66.125 87 1 1 37 18.8125 9.0625 28.5 1 2 22 93.375 84.3125 102.4375
499 5694.223 5 0 2 18 14.75 9 20.4375 0 1 27 43.3125 36.9375 49.6875 0 3 32 76.5625 66.125 87 1 1 37 18.8125 9.0625 28.5 1 2 22 93.375 84.3125 102.4375
500 5704.319 5 0 2 18 14.75 9.0625 20.5 0 1 27 43.3125 36.9375 49.6875 0 3 32 76.5625 66.125 87 1 1 37 18.8125 9.0625 28.5 1 2 22 93.375 84.3125 102.4375
501 5717.9227 5 0 2 18 14.75 9.0625 20.4375 0 1 27 43.3125 36.9375 49.6875 0 3 32 76.5625 66.125 87 1 1 37 18.8125 9.0625 28.5 1 2 22 93.375 84.3125 102.4375
502 5729.1812 5 0 2 18 14.75 9.0625 20.4375 0 1 27 43.3125 36.9375 49.6875 0 3 32 76.5625 66.125 87 1 1 37 18.8125 9.0625 28.5 1 2 22 93.375 84.3125 102.4375
503 5740.9299 5 0 2 18 14.75 9.0625 20.4375 0 1 27 43.3125 36.9375 49.6875 0 3 32 76.5625 66.125 87 1 1 37 18.8125 9.0625 28.5 1 2 22 93.375 84.3125 102.4375
504 5751.5623 5 0 2 18 14.75 9.0625 20.4375 0 1 27 43.3125 36.9375 49.6875 0 3 32 76.5625 66.125 87 1 1 37 18.8125 9.0625 28.5 1 2 22 93.375 84.3125 102.4375
505 5762.6518 5 0 2 18 14.75 9.0625 20.4375 0 1 27 43.3125 36.9375 49.6875 0 3 32 76.5625 66.125 87 1 1 37 18.8125 9.0625 28.5 1 2 22 93.375 84.3125 102.4375
506 5773.2866 5 0 2 18 14.75 9.0625 20.4375 0 1 27 43.3125 36.9375 49.6875 0 3 32 76.5625 66.125 87 1 1 37 18.8125 9.0625 28.5 1 2 22 93.375 84.3125 102.4375
507 5783.7812 5 0 2 18 14.75 9.0625 20.4375 0 1 27 43.3125 36.9375 49.6875 0 3 32 76.5625 66.125 87 1 1 37 18.8125 9.0625 28.5 1 2 22 93.375 84.3125 102.4375
508 5795.6812 5 0 2 18 14.75 9.0625 20.4375 0 1 27 43.3125 36.9375 49.6875 0 3 32 76.5625 66.125 87 1 1 37 18.8125 9.0625 28.5 1 2 22 93.375 84.3125 102.4375
509 5806.4868 5 0 2 18 14.75 9.0625 20.4375 0 1 27 43.3125 36.9375 49.6875 0 3 32 76.5625 66.125 87 1 1 37 18.8125 9.0625 28.5 1 2 22 93.375 84.3125 102.4375
510 5817.1931 5 0 2 18 14.75 9.0625 20.4375 0 1 27 43.3125 36.9375 49.6875 0 3 32 76.5625 66.125 87 1 1 37 18.8125 9.0625 28.5 1 2 22 93.375 84.3125 102.4375
511 5827.7141 5 0 2 18 14.75 9.0625 20.4375 0 1 27 43.3125 36.6875 49.875 0 3 32 76.5625 66.125 87 1 1 37 18.8125 9.0625 28.5 1 2 22 93.375 84.3125 102.4375
512 5838.6884 5 0 2 18 14.75 9.0625 20.4375 0 1 27 43.3125 36.625 49.9375 0 3 32 76.5625 66.125 87 1 1 37 18.8125 9.0625 28.5 1 2 22 93.375 84.3125 102.4375
513 5849.9125 5 0 2 18 14.75 9.0625 20.4375 0 1 27 43.3125 36.5625 50 0 3 32 76.5625 66.125 87 1 1 37 18.8125 9.0625 28.5 1 2 22 93.375 84.3125 102.4375
514 5859.0732 5 0 2 18 14.75 9.0625 20.4375 0 1 27 43.3125 36.8125 49.8125 0 3 32 76.5625 66.125 87 1 1 37 18.8125 9.0625 28.5 1 2 22 93.375 84.3125 102.4375
515 5869.9764 5 0 2 18 14.75 9.0625 20.4375 0 1 27 43.3125 36.625 49.9375 0 3 32 76.5625 66.125 87 1 1 37 18.8125 9.0625 28.5 1 2 22 93.375 84.3125 102.4375
516 5881.4493 5 0 2 18 14.75 9.0625 20.4375 0 1 28 43.3125 36.8125 49.75 0 3 32 76.5625 66.125 87 1 1 37 18.8125 9.0625 28.5 1 2 22 93.375 84.3125 102.4375
517 5892.3374 5 0 2 18 14.75 9.0625 20.4375 0 1 28 43.3125 36.875 49.75 0 3 32 76.5625 66.125 87 1 1 37 18.8125 9.0625 28.5 1 2 22 93.375 84.3125 102.4375
518 5902.3141 5 0 2 18 14.75 9.0625 20.4375 0 1 28 43.3125 36.9375 49.6875 0 3 32 76.5625 66.125 87 1 1 37 18.8125 9.0625 28.5 1 2 22 93.375 84.3125 102.4375
519 5913.6697 5 0 2 18 14.75 9.0625 20.4375 0 1 28 43.3125 36.9375 49.6875 0 3 32 76.5625 66.125 87 1 1 37 18.8125 9.0625 28.5 1 2 22 93.375 84.3125 102.4375
520 5924.1912 5 0 2 18 14.75 9.0625 20.4375 0 1 28 43.3125 36.9375 49.6875 0 3 32 76.5625 66.125 87 1 1 37 18.8125 9.0625 28.5 1 2 22 93.375 84.3125 102.4375
521 5936.7318 5 0 2 18 14.75 9.0625 20.4375 0 1 28 43.3125 36.9375 49.6875 0 3 32 76.5625 66.125 87 1 1 37 18.8125 9.0625 28.5 1 2 22 93.375 84.3125 102.4375
522 5947.0263 5 0 2 18 14.75 9.0625 20.4375 0 1 28 43.3125 36.9375 49.6875 0 3 32 76.5625 66.125 87 1 1 37 18.8125 9.0625 28.5 1 2 22 93.375 84.3125 102.4375
523 5957.7021 5 0 2 18 14.75 9.0625 20.4375 0 1 28 43.3125 36.9375 49.6875 0 3 32 76.5625 66.125 87 1 1 37 18.8125 9.0625 28.5 1 2 22 93.375 84.3125 102.4375
524 5967.8036 5 0 2 18 14.75 9.0625 20.4375 0 1 28 43.3125 36.9375 49.6875 0 3 32 76.5625 66.125 87 1 1 37 18.8125 9.0625 28.5 1 2 22 93.375 84.3125 102.4375
525 5979.0755 5 0 2 18 14.75 9.0625 20.4375 0 1 28 43.3125 36.9375 49.6875 0 3 32 76.5625 66.125 87 1 1 38 18.8125 9.0625 28.5 1 2 22 93.375 84.3125 102.4375
526 5990.4674 5 0 2 18 14.75 9.0625 20.4375 0 1 28 43.3125 36.9375 49.6875 0 3 32 76.5625 66.125 87 1 1 38 18.8125 9.0625 28.5 1 2 22 93.375 84.3125 102.4375
527 5999.5705 5 0 2 18 14.75 9.0625 20.4375 0 1 28 43.3125 36.9375 49.6875 0 3 32 76.5625 66.125 87 1 1 38 18.8125 9.0625 28.5 1 2 22 93.375 84.3125 102.4375
528 6010.8238 5 0 2 18 14.75 9.0625 20.4375 0 1 28 43.3125 36.9375 49.6875 0 3 32 76.5625 66.125 87 1 1 38 18.8125 9.0625 28.5 1 2 22 93.375 84.3125 102.4375
529 6022.0807 5 0 2 18 14.75 9.0625 20.4375 0 1 28 43.3125 36.9375 49.6875 0 3 32 76.5625 66.125 87 1 1 38 18.8125 9.0625 28.5 1 2 22 93.375 84.3125 102.4375
530 6031.8963 5 0 2 18 14.75 9.0625 20.4375 0 1 28 43.3125 36.9375 49.6875 0 3 32 76.5625 66.125 87 1 1 38 18.8125 9.0625 28.5 1 2 22 93.5625 84.5 102.625
531 6042.7297 5 0 2 18 14.75 9.0625 20.4375 0 1 28 43.3125 36.9375 49.6875 0 3 32 76.5625 66.125 87 1 1 38 18.8125 9.0625 28.5 1 2 22 93.5 84.4375 102.5625
532 6054.2206 5 0 2 18 14.75 9.0625 20.4375 0 1 28 43.3125 36.9375 49.6875 0 3 32 76.5625 66.125 87 1 1 38 18.8125 9.0625 28.5 1 2 22 93.4375 84.375 102.5
533 6064.7141 5 0 2 18 14.75 9.0625 20.4375 0 1 28 43.3125 36.9375 49.6875 0 3 32 76.5625 66.125 87 1 1 38 18.8125 9.0625 28.5 1 2 22 93.375 84.3125 102.4375
534 6079.296 5 0 2 18 14.75 9.0625 20.4375 0 1 28 43.3125 36.9375 49.6875 0 3 32 76.5625 66.125 87 1 1 38 18.8125 9.0625 28.5 1 2 22 93.375 84.3125 102.4375
535 6090.6137 5 0 2 18 14.75 9.0625 20.4375 0 1 28 43.3125 36.9375 49.6875 0 3 32 76.5625 66.125 87 1 1 38 18.8125 9.0625 28.5 1 2 22 93.375 84.3125 102.4375
536 6102.3865 5 0 2 18 14.75 9.0625 20.4375 0 1 28 43.3125 36.9375 49.6875 0 3 32 76.5625 66.125 87 1 1 38 18.8125 9.0625 28.5 1 2 22 93.375 84.3125 102.4375
537 6115.3634 5 0 2 18 14.75 9.0625 20.4375 0 1 28 43.3125 36.9375 49.6875 0 3 32 76.5625 66.125 87 1 1 38 18.8125 9.0625 28.5 1 2 22 93.375 84.3125 102.4375
538 6127.1485 5 0 2 18 14.75 9.0625 20.4375 0 1 28 43.3125 36.9375 49.6875 0 3 22 72.6875 65.125 80.25 1 1 38 18.8125 9.0625 28.5 1 2 22 93.5625 84.5 102.625
539 6139.3441 5 0 2 18 14.75 9.0625 20.4375 0 1 28 43.3125 36.9375 49.6875 0 3 23 70.5625 64.1875 77 1 1 38 18.8125 9.0625 28.5 1 2 22 93.5 84.4375 102.5625
540 6150.5319 5 0 2 18 14.75 9.0625 20.4375 0 1 28 43.3125 36.9375 49.6875 0 3 23 69.875 63.875 75.8125 1 1 38 18.8125 9.0625 28.5 1 2 22 93.4375 84.375 102.5
541 6162.2657 5 0 2 18 14.75 9.0625 20.4375 0 1 28 43.3125 36.9375 49.6875 0 3 23 69.8125 64 75.625 1 1 38 18.8125 9.0625 28.5 1 2 22 93.5625 84.5 102.625
542 6174.7767 6 0 2 18 14.75 9.0625 20.4375 0 1 28 43.3125 36.9375 49.6875 0 3 23 70 64.25 75.6875 0 4 13 88 80.9375 95.0625 1 1 38 18.8125 9.0625 28.5 1 2 22 93.5 84.4375 102.5625
543 6186.3151 6 0 2 18 14.75 9.0625 20.4375 0 1 28 43.3125 36.9375 49.6875 0 3 23 70.125 64.375 75.8125 0 4 13 88 80.9375 95.0625 1 1 38 18.8125 9.0625 28.5 1 2 22 93.375 84.3125 102.4375
544 6198.1053 6 0 2 18 14.75 9.0625 20.4375 0 1 28 43.3125 36.9375 49.6875 0 3 23 72.3125 65.5 78.8125 0 4 13 88 81.5 95.0625 1 1 38 18.8125 9.0625 28.5 1 2 22 93.375 84.3125 102.4375
545 6209.6132 6 0 2 18 14.75 9.0625 20.4375 0 1 28 43.3125 36.9375 49.6875 0 3 23 70.9375 64.8125 76.9375 0 4 13 88 81.125 95.0625 1 1 38 18.8125 9.0625 28.5 1 2 22 93.375 84.3125 102.4375
546 6221.4698 6 0 2 18 14.75 9.0625 20.4375 0 1 28 43.3125 36.9375 49.6875 0 3 23 70.25 64.375 76.0625 0 4 13 88 81 95.0625 1 1 38 18.8125 9.0625 28.5 1 2 22 93.375 84.3125 102.4375
547 6234.7522 6 0 2 18 14.75 9.0625 20.4375 0 1 28 43.3125 36.9375 49.6875 0 3 23 70.0625 64.3125 75.75 0 4 13 88 81 95.0625 1 1 38 18.8125 9.0625 28.5 1 2 22 93.375 84.3125 102.4375
548 6246.2558 6 0 2 18 14.75 9.0625 20.4375 0 1 29 43.3125 36.9375 49.6875 0 3 23 70.0625 64.3125 75.75 0 4 13 88 80.9375 95.0625 1 1 38 18.8125 9.0625 28.5 1 2 22 93.5625 84.5 102.625
549 6257.6149 6 0 2 18 14.75 9.0625 20.4375 0 1 29 43.3125 36.9375 49.6875 0 3 23 70.125 64.4375 75.8125 0 4 13 88 80.9375 95.0625 1 1 39 19 9.0625 28.9375 1 2 22 93.5 84.4375 102.5625
550 6269.4008 6 0 2 18 14.75 9.0625 20.4375 0 1 29 43.3125 36.9375 49.6875 0 3 23 70.1875 64.5 75.875 0 4 13 88 80.9375 95.0625 1 1 39 19.0625 9.25 28.8125 1 2 22 93.375 84.3125 102.4375
551 6281.917 6 0 2 18 14.75 9.0625 20.4375 0 1 29 43.3125 36.9375 49.6875 0 3 23 70.1875 64.5 75.875 0 4 13 88 80.9375 95.0625 1 1 38 18.9375 9.125 28.625 1 2 22 93.375 84.3125 102.4375
552 6292.9488 6 0 2 18 14.75 9.0625 20.4375 0 1 29 43.3125 36.9375 49.6875 0 3 23 70.1875 64.5 75.875 0 4 13 88 80.9375 95.0625 1 1 38 18.8125 9.0625 28.5625 1 2 22 93.375 84.3125 102.4375
553 6304.379 6 0 2 18 14.75 9.0625 20.4375 0 1 29 43.3125 36.9375 49.6875 0 3 23 70.1875 64.5 75.875 0 4 13 88 80.9375 95.0625 1 1 38 18.8125 9.0625 28.5 1 2 22 93.375 84.3125 102.4375
554 6314.0032 6 0 2 18 14.75 9.0625 20.4375 0 1 29 43.3125 36.9375 49.6875 0 3 23 70.1875 64.5 75.875 0 4 13 88 80.9375 95.0625 1 1 38 18.8125 9.0625 28.5 1 2 22 93.375 84.3125 102.4375
555 6326.4989 6 0 2 18 14.75 9.0625 20.4375 0 1 29 43.3125 36.9375 49.6875 0 3 23 70.1875 64.5 75.875 0 4 13 88 80.9375 95.0625 1 1 38 18.8125 9.0625 28.5 1 2 22 93.375 84.3125 102.4375
556 6336.5743 6 0 2 18 14.75 9.0625 20.4375 0 1 29 43.3125 36.9375 49.6875 0 3 23 70.1875 64.5 75.875 0 4 13 88 80.9375 95.0625 1 1 38 18.8125 9.0625 28.5 1 2 22 93.375 84.3125 102.4375
557 6347.2962 6 0 2 18 14.75 9.0625 20.4375 0 1 29 43.3125 36.9375 49.6875 0 3 23 70.1875 64.5 75.875 0 4 13 88 80.9375 95.0625 1 1 38 18.8125 9.0625 28.5 1 2 22 93.5625 84.5 102.625
558 6357.3345 6 0 2 18 14.75 9.0625 20.4375 0 1 29 43.3125 36.9375 49.6875 0 3 23 70.1875 64.5 75.875 0 4 13 88 80.9375 95.0625 1 1 38 18.6875 9.125 28.25 1 2 22 93.5 84.4375 102.5625
559 6369.2791 6 0 2 18 14.75 9.0625 20.4375 0 1 29 43.3125 36.9375 49.6875 0 3 23 70.1875 64.5 75.875 0 4 13 88 80.9375 95.0625 1 1 38 18.75 9.0625 28.375 1 2 22 93.625 84.5625 102.6875
560 6380.5897 6 0 2 18 14.75 9.0625 20.4375 0 1 29 43.3125 36.9375 49.6875 0 3 23 70.1875 64.5 75.875 0 4 13 88 80.9375 95.0625 1 1 39 19 9.25 28.6875 1 2 22 93.6875 84.625 102.75
561 6390.9059 6 0 2 18 14.75 9.0625 20.4375 0 1 29 43.3125 36.9375 49.6875 0 3 23 70.1875 64.5 75.875 0 4 13 88 80.9375 95.0625 1 1 38 18.9375 9.1875 28.625 1 2 22 93.6875 84.625 102.75
562 6401.8268 6 0 2 18 14.75 9.0625 20.4375 0 1 29 43.3125 36.9375 49.6875 0 3 23 70.1875 64.5 75.875 0 4 13 88 80.9375 95.0625 1 1 38 18.875 9.125 28.5625 1 2 22 93.6875 84.625 102.75
563 6413.5436 6 0 2 18 14.75 9.0625 20.4375 0 1 29 43.3125 36.9375 49.6875 0 3 23 70.1875 64.5 75.875 0 4 13 88 80.9375 95.0625 1 1 38 18.8125 9.0625 28.5 1 2 22 93.6875 84.625 102.75
